Cluster	Name	Number	ACC	BLCA	BRCA	CESC	CHOL	COAD	DLBC	ESCA	GBM	HNSC	KICH	KIRC	KIRP	LAML	LGG	LIHC	LUAD	LUSC	MESO	OV	PAAD	PCPG	PRAD	READ	SARC	SKCM	STAD	TGCT	THCA	THYM	UCEC	UCS	UVM
NA	NA	NA	19	39	26	63	27	105	0	110	27	79	23	25	37	99	82	48	36	63	48	14	50	30	20	65	77	57	107	81	43	31	37	12	NA
1	proteinaceous extracellular matrix	31	1.02036213163105e-05	1.46177923518492e-07	5.62240189700369e-06	1.83403462494108e-36	0.000580557650572876	9.98514490251814e-54	NA	1.33367539764762e-36	4.97472588604055e-06	3.69480966708418e-32	3.4637604347723e-08	0.000349374049689464	1.10628871345968e-07	7.53620862327064e-16	1.81478774487613e-05	0.0013294539462051	6.66643519379596e-07	2.32692306921706e-47	5.38852967302508e-22	6.11431095671536e-06	2.40920754469633e-25	1.7634514993152e-18	NA	1.39244947442634e-51	1.21075534493231e-10	1.77240535655069e-33	9.87670900332848e-54	1.27603916357253e-10	5.96977050993374e-10	6.27225168839787e-05	0.000456977974540108	0.0364264044265018	9.26409439764352e-16
1	extracellular matrix	31	1.02036213163105e-05	1.3626728649267e-09	1.56325139146886e-07	4.81741654766011e-39	5.37570215897555e-08	1.05565935505314e-58	NA	1.73035552826489e-43	4.94243114467641e-07	1.71966500749246e-37	4.05158314220838e-11	0.000100413879262832	2.47498973602612e-11	1.42794849560761e-26	3.6703713850638e-06	0.00674885731288338	3.24425290394362e-10	3.28348865021487e-53	1.3401174420763e-21	7.26776746978723e-09	1.26586291998753e-25	9.67685289631611e-18	NA	2.63388424603353e-53	1.31437085796328e-12	1.13262771762857e-37	2.11287204712374e-63	9.818034141021e-12	5.96977050993374e-10	2.7091524117027e-06	9.91426317510235e-05	0.0451260675090212	1.07487068548152e-17
1	synaptic membrane	28	0.00656371955181722	0.0103617642189987	0.000155690151980097	3.47681933059382e-06	NA	1.27147646956325e-13	NA	3.73455588713382e-09	0.0213427096375416	6.51115506564091e-10	0.000542718271328247	0.00591205204547782	NA	4.61292306754087e-10	4.16900349272411e-11	0.00199815965622347	NA	0.000151731458598777	1.42757084688933e-08	0.00416706067384046	0.00201869762107781	0.0161102856170679	NA	0.0008545581089166	1.34978221405373e-07	5.14362788086364e-05	2.6363570542937e-16	1.31730204220984e-06	5.06323325413752e-05	0.000516288022164109	0.00227158141620252	0.0364264044265018	0.0385293992865104
1	postsynaptic membrane	28	0.0204254428376203	0.0245552123335239	0.000309608065918689	3.27202937083782e-05	NA	7.41095043369646e-12	NA	4.89932133915672e-08	0.0366844758198031	7.69443253387972e-10	0.0127250262749784	0.0206708331565876	NA	1.21941316342083e-07	1.1632361521124e-06	0.0013294539462051	NA	0.000334622734121831	3.26092186332858e-07	0.00131652408406605	0.00201869762107781	0.023550228538071	NA	0.00104833636110687	9.03084836028014e-05	0.00101687346699978	1.6985624876839e-12	2.69398029149489e-06	2.74072272776115e-05	0.00073793860366776	0.00227158141620252	0.00819079987103917	0.0385293992865104
1	transmembrane transporter complex	28	0.0245196465841135	0.0242884882800163	0.000209195474099675	2.04020154096746e-09	NA	3.07662458048152e-14	NA	3.35077650529475e-10	0.0157179513103342	4.28267630009755e-13	NA	0.00256695308595448	0.00120009076387124	0.000484664435187957	1.2574589819113e-12	3.11168074727615e-05	6.66643519379596e-07	7.35132444237381e-06	6.73489816926442e-07	0.0158945052348347	6.11181339366055e-06	3.80769615059639e-05	NA	5.47029275227569e-05	3.88351831687987e-12	9.43562520214646e-10	1.04748184860261e-14	7.7594725535564e-11	3.23968823215711e-09	1.41298761337133e-06	0.00126820132365388	0.00819079987103917	NA
1	transporter complex	28	0.0245196465841135	0.0339268831860281	0.00038080775182753	6.42732956530895e-09	NA	1.4153780099075e-13	NA	1.00544290923995e-09	0.0213427096375416	8.69482672030974e-13	NA	0.00384641054494134	0.00154744374258161	0.0010339205586154	2.72124742450153e-12	5.18170103306363e-05	1.03354956565478e-06	1.37787899519412e-05	1.51731040570661e-06	0.0216155563357586	8.1186519643602e-06	7.97185763723687e-05	NA	0.000130059155758774	4.12493675902851e-12	1.84696535032378e-09	8.41020467005879e-14	1.48034058510168e-10	7.36249125041913e-09	1.73613991095068e-06	0.0021282315211014	0.00819079987103917	NA
1	ion channel complex	27	0.0204254428376203	0.0417636294992596	0.000242066334066243	6.42732956530895e-09	NA	5.27461311213721e-14	NA	1.67329068096904e-09	0.0125150005024442	8.22830985833737e-13	NA	0.00259114093125642	0.00202474377087709	9.899187755085e-05	1.68132939145728e-12	1.80651421641873e-05	2.20536401560192e-06	7.15892743719262e-05	4.64604359826824e-07	NA	2.86865500623371e-06	1.4984071227802e-05	NA	0.000223230173971887	4.90851023098835e-12	1.84696535032378e-09	1.59531252733747e-14	1.75986539613076e-10	4.56312532030265e-09	2.7091524117027e-06	0.00227158141620252	0.00819079987103917	NA
1	receptor complex	27	0.0426019365741745	0.0175295809190101	0.00104105345574662	2.59555937259375e-08	9.37787438401685e-07	3.07662458048152e-14	NA	8.81549047823557e-11	0.00646591879898667	4.95022205108248e-12	NA	NA	0.0210598598097873	5.51623596326782e-11	1.77632833617112e-14	0.000238118376612749	3.75930217386958e-05	2.79427007253551e-10	8.81583714027132e-15	NA	4.62590960280556e-05	7.21257640620208e-10	NA	2.14557754300814e-07	3.24557335343963e-05	1.17200861046458e-06	3.00092945628617e-11	3.26211081219008e-07	1.41977850485921e-05	0.0299483745782538	0.00126820132365388	NA	0.000160272368543765
1	collagen trimer	23	0.01699226566034	0.000223922721102116	0.00234950582467731	3.0569554758259e-07	0.0151755592195164	5.966725448267e-19	NA	7.18800354427592e-11	4.97472588604055e-06	1.15028232978853e-08	0.017810118662399	NA	0.000683895766977968	4.0023969758103e-07	0.0147549655341727	NA	NA	1.58432386851352e-21	7.32368735248213e-13	NA	5.67645007681824e-09	3.6543051612486e-10	NA	1.03779628286205e-18	9.03084836028014e-05	2.44099059086717e-09	2.0692124869737e-16	1.79799400756945e-05	NA	NA	NA	NA	2.91252473384447e-06
1	cation channel complex	23	NA	NA	0.0013253929503602	1.21808352905835e-09	NA	2.77091989519391e-15	NA	2.0313685042097e-12	NA	3.03015517616601e-12	NA	0.00386590820647081	0.00499113664853869	0.000125623628258162	3.35156966633832e-09	3.11168074727615e-05	1.49824437795332e-05	1.97181523786649e-05	4.64604359826824e-07	NA	2.41245044778969e-05	0.000157912179650865	NA	5.09014579783341e-05	1.31437085796328e-12	1.39778569961195e-09	2.98990492664251e-17	2.14255808319877e-08	1.60083684952691e-06	2.61562626241544e-05	0.00593162523070899	NA	NA
1	neuronal cell body	22	NA	0.00753741647308093	NA	0.000901908299979329	NA	1.35137114759326e-10	NA	8.66117862452271e-06	NA	0.00142990836817728	0.0271740769215686	NA	0.0335240138939071	7.25503537869868e-07	5.55540326405661e-07	0.00138538423254545	NA	0.000950681474420666	0.00117653993073641	0.00698944688869054	0.00196177601241821	0.0427521666172786	NA	0.00216234722021241	0.000808753705108932	0.009480777242353	7.55803792935135e-08	0.0164155204347486	0.00226018663650135	0.020912455074447	NA	NA	NA
1	postsynapse	22	NA	0.0300121029893937	0.00821490095556748	8.10925484058688e-06	NA	1.27147646956325e-13	NA	2.98228156317996e-07	0.00646591879898667	2.11309534243405e-08	NA	NA	NA	1.03217540806217e-05	1.25286888487286e-07	0.000238118376612749	NA	0.00352652365968176	3.89020346518868e-06	0.000325841849449528	0.00429655924113146	NA	NA	5.09014579783341e-05	0.000588300980879783	NA	1.15748135543349e-14	0.000194497420200997	0.000806423953520279	0.00538967567927999	0.0340711616705525	0.011955107351158	NA
1	apical plasma membrane	21	0.0295914175032956	NA	0.00394545298423026	0.0003119883943256	0.0194159593195376	0.0339668619820125	NA	0.00617459029137031	NA	NA	0.0154793565304346	0.0165741310818789	0.0147200052672219	9.37983188511065e-05	0.0354611255262034	5.03533585800432e-08	0.00312585445216498	0.000846748571865905	8.24645700395514e-05	NA	NA	NA	NA	NA	0.000192221853146511	0.000258217028843616	NA	0.0118441549752616	0.018607769173058	7.45117112375963e-05	NA	NA	0.000748122861344771
1	endoplasmic reticulum lumen	21	0.0426019365741745	NA	NA	0.000342880842097179	9.37787438401685e-07	6.95471495874173e-12	NA	7.91600499239254e-07	0.00105736311677765	0.000292152964731325	0.00504858433136865	NA	0.0149327294480793	4.85259959913355e-07	NA	NA	NA	4.76832589720716e-09	3.88353718434295e-05	NA	0.000154134812357702	4.83536275305424e-07	NA	1.82664466832984e-10	0.00267368818050992	0.0139070730056069	5.93133692194579e-10	0.000763460702841228	NA	0.0306447915496745	NA	NA	1.70316512622388e-06
1	potassium channel complex	21	NA	NA	0.00394545298423026	1.15253621169543e-05	NA	2.22636062644759e-09	NA	1.67329068096904e-09	NA	3.40143580459697e-06	NA	NA	0.0158340169797285	NA	7.49369053511736e-07	0.00517887782950501	0.00123714586652707	2.48843222244603e-05	0.0215849983350305	NA	0.00196177601241821	0.00427175945569271	NA	0.00216234722021241	1.19572980549303e-06	1.12287838453937e-05	5.52383289826824e-12	0.00199618529684176	2.74072272776115e-05	0.000242749763555582	0.0338971055415816	NA	NA
1	cell body	20	NA	0.0103284165110508	NA	0.000126994495338955	NA	5.66498765789196e-11	NA	3.80979796847685e-06	NA	0.00206667010498085	0.0271740769215686	NA	0.0210598598097873	5.66006940611961e-06	8.46626124810549e-07	0.0013294539462051	NA	0.00392644540604381	0.00103734790429253	0.00473852206958909	0.0177321535162963	NA	NA	0.00130772914794519	0.000192221853146511	0.0129384780347665	7.55803792935135e-08	0.00205471287540088	0.00552977801448534	NA	NA	NA	NA
1	anchored component of membrane	19	NA	4.45427922211411e-05	8.81669588815342e-05	0.000339788174695745	NA	4.46895029666693e-05	NA	0.000144481523471167	NA	4.49422720429421e-07	NA	0.0357071123316283	0.000567317368478828	1.22401383654284e-09	NA	0.0013294539462051	1.93668773484261e-05	NA	5.36484051143317e-05	NA	0.000149010688513611	NA	NA	0.00986674663086348	2.60989787824831e-06	0.00353536489522441	9.22294532591157e-05	0.00999095567085578	2.74072272776115e-05	NA	NA	NA	NA
1	external side of plasma membrane	18	NA	5.94921834326026e-08	0.00272843894366415	2.31120331907811e-07	0.00876065906535224	2.77091989519391e-15	NA	4.55275012087478e-14	NA	5.25940119794534e-11	NA	NA	0.00047998156255485	2.23297261314561e-08	2.72124742450153e-12	NA	0.000690716660554983	6.11409362565078e-10	5.77437066829441e-06	NA	0.000447242967193972	NA	NA	3.08944278312129e-13	8.58993352528739e-05	0.00679792537379372	1.70584783442391e-08	NA	NA	NA	NA	NA	NA
1	voltage-gated potassium channel complex	18	NA	NA	0.0112638022632208	8.68019687310416e-05	NA	9.21131608545468e-08	NA	8.85169052219327e-09	NA	4.49716042133768e-06	NA	NA	NA	NA	4.28900979386686e-07	0.0120809725834465	0.00123714586652707	0.000246790403251161	NA	NA	0.00288536286126631	0.0136324284365571	NA	0.00445529589513037	1.07376353606196e-06	4.94105012523397e-05	2.68405330613533e-10	0.00466560346308688	7.60947220000507e-05	0.000273566481437611	NA	NA	NA
1	extracellular matrix component	17	0.00457653971752242	NA	NA	7.0097680079744e-07	0.0299272965140107	4.47303040179077e-18	NA	4.04502986329989e-08	NA	8.68692013214232e-11	0.00504858433136865	NA	NA	4.4086703723113e-06	NA	NA	NA	3.57846172662575e-13	7.33100202775015e-06	NA	3.00390002606159e-09	1.48992690708005e-11	NA	6.89290411660272e-15	NA	7.29698628690306e-09	8.94386919776938e-18	0.0116797186852399	NA	NA	NA	NA	1.17907883864077e-08
1	contractile fiber part	17	NA	0.000663072941919838	NA	0.000342880842097179	NA	3.33573616201567e-06	NA	2.62767623336234e-10	0.0445000568797948	3.52342627089238e-29	0.0405554583934476	NA	NA	NA	0.0121043022363768	NA	NA	0.00392644540604381	0.000207189230390933	NA	0.0090060754318361	NA	6.69087833111662e-09	0.00325686303412525	4.44332736266552e-13	NA	1.03760203386842e-15	3.54848223236835e-06	0.00178851097645325	NA	NA	NA	NA
2	presynapse	17	NA	NA	0.00680334574556032	0.00200587351508977	NA	0.000115362505637935	NA	0.0164692612244933	0.000653645370991985	NA	0.0183413402278519	0.00708198958139063	NA	0.00170914337602285	6.00837468050869e-14	0.0140074435210741	NA	NA	0.000935807539138236	NA	0.00886205521393869	0.00255186222227617	NA	NA	0.000915705066729797	NA	6.79180548538278e-08	0.0266809237192163	7.60947220000507e-05	NA	NA	NA	NA
2	intermediate filament	16	NA	7.24764735741998e-09	7.06930581323151e-06	NA	NA	0.0144324856532354	NA	0.0280764334020685	0.0125150005024442	NA	NA	0.00384641054494134	NA	0.024688837963749	0.00406129715989287	NA	0.0281023884806191	NA	NA	NA	0.00755886101647657	NA	0.00269728844836842	NA	NA	1.18815934346036e-11	0.000419947249184	3.75692660066956e-05	NA	0.000729458460041311	0.000115379026927432	NA	NA
1	contractile fiber	16	NA	0.000322728128040504	NA	0.000196281829355556	NA	3.04256667493532e-06	NA	6.41084956662376e-10	NA	3.0836911012615e-29	NA	NA	NA	NA	0.00889985877454786	NA	NA	0.00570044900531152	0.000901706479634896	NA	0.00795320487370058	NA	6.69087833111662e-09	0.00330520154090773	1.31437085796328e-12	NA	6.45906023412708e-15	2.13932828828875e-05	0.00274745564460916	0.0306447915496745	NA	NA	NA
1	myofibril	16	NA	0.000979216471466625	NA	0.000127807300251816	NA	5.81543391425909e-06	NA	4.73988980933809e-10	NA	5.00557971870584e-30	0.0271740769215686	NA	NA	NA	0.0188809839752487	NA	NA	0.00286599054755248	0.00130034580693934	NA	0.0343616471463617	NA	7.38286703599535e-08	0.0042994065450223	3.88351831687987e-12	NA	1.04748184860261e-14	3.16474449223443e-05	0.00226018663650135	NA	NA	NA	NA
1	sarcomere	16	NA	0.00139590967922704	NA	0.000138225210642777	NA	3.62535550348368e-06	NA	3.82387399714264e-10	NA	3.52342627089238e-29	0.0201452625346754	NA	NA	0.0164074527547236	NA	NA	NA	0.00250992604017383	0.000901706479634896	NA	0.0252847208138661	NA	6.69087833111662e-09	0.00469598006655074	3.22267547166708e-12	NA	1.04748184860261e-14	1.3155753000881e-05	0.00178851097645325	NA	NA	NA	NA
1	apical part of cell	16	NA	NA	0.0258726599090575	0.000127807300251816	0.00382402458277285	0.0089620414202406	NA	0.00453545160773577	NA	NA	NA	0.0215256196163813	NA	5.00177168818859e-05	NA	2.05182477343336e-07	0.0080553362906304	0.000633161206124916	0.000214327439782897	NA	NA	NA	NA	NA	0.00272435728947288	0.000213512528085093	NA	0.0293540305960311	NA	0.00182404310730553	NA	NA	0.000181433672431046
1	sarcolemma	16	NA	NA	NA	0.000362247705163581	0.0433944780818485	3.50039376152045e-11	NA	4.54432029558007e-10	NA	6.90509894120122e-17	0.00754842556072559	NA	NA	2.10674369684514e-05	0.00286981707389529	NA	NA	3.20736954637012e-05	NA	NA	0.0323489948705417	NA	NA	3.90239945070927e-07	9.03084836028014e-05	0.00436495180318306	1.04748184860261e-14	0.000763460702841228	0.00165870381753814	NA	NA	NA	NA
1	plasma membrane receptor complex	16	NA	NA	NA	0.0112732283253117	0.0109011929030385	1.81843799798748e-07	NA	2.13654652114812e-06	NA	0.000209590672409645	NA	NA	NA	0.0149698899622079	5.1438135576014e-08	NA	NA	0.0240300761405518	1.08746624601411e-06	NA	NA	0.000579311510132663	NA	0.0142728649142289	0.00197103764890828	0.0173811204155241	0.0012709917454373	0.00111165542225956	NA	NA	0.032473149141141	NA	NA
1	basement membrane	15	0.0243982512472718	NA	NA	0.00403262845964644	NA	1.56650093944415e-09	NA	0.00169671192881604	NA	3.40143580459697e-06	0.0186729761987879	NA	NA	4.917991884169e-05	NA	NA	NA	1.90777854282926e-05	0.000795969525972683	NA	0.000830408709269249	4.63710341537709e-06	NA	7.06933347483552e-06	NA	0.000431144609352429	1.37166531464646e-11	NA	NA	NA	NA	NA	1.81447007874072e-05
1	I band	15	NA	0.000635412703347467	NA	9.98374182971635e-05	NA	5.80001300350841e-07	NA	3.82718426962339e-09	NA	2.04457588283769e-19	0.0271740769215686	NA	NA	0.00513651333527957	NA	NA	NA	0.000633161206124916	NA	NA	NA	0.0441422055251159	4.72621751734709e-05	0.00216234722021241	1.14904522344118e-10	NA	6.14574707481946e-12	3.54848223236835e-06	0.00274745564460916	NA	NA	NA	NA
1	Z disc	15	NA	0.00244003984480096	NA	0.000127807300251816	NA	1.880026754377e-06	NA	8.85169052219327e-09	NA	3.37763125821622e-16	0.0271740769215686	NA	NA	0.00266239626215219	NA	NA	NA	0.00103395855614101	NA	NA	NA	0.0429847095752465	0.00040016226201982	0.00325686303412525	1.35835823929655e-10	NA	1.76190390097813e-11	1.3155753000881e-05	0.00226018663650135	NA	NA	NA	NA
1	Golgi lumen	15	NA	NA	0.00151088812242758	7.98572742025588e-06	NA	0.000740863018972081	NA	NA	NA	5.99121505868363e-06	0.00708818898571506	NA	NA	7.02524135116976e-06	NA	0.0161772513132066	0.0154673133238324	0.00936532984937299	NA	NA	0.000796897924002659	6.5436103769309e-07	NA	0.00237063834819369	0.0297606619657556	NA	NA	0.000318847403732343	0.0122393501391481	NA	NA	NA	NA
1	complex of collagen trimers	15	NA	NA	NA	0.000127807300251816	NA	9.93705077656442e-08	NA	0.00369768925926779	0.0366844758198031	6.27497299684698e-05	NA	NA	0.000198170221950416	0.00701500728939832	NA	NA	NA	2.13611197228341e-06	NA	NA	1.83833795310154e-05	3.80769615059639e-05	NA	2.41505525564591e-08	NA	0.000140386837091263	1.15340001506573e-06	0.0397031541899698	NA	NA	NA	NA	0.00314153448971864
2	axon terminus	15	NA	NA	NA	NA	NA	0.019121977432066	NA	NA	0.00532906298168045	NA	0.0271740769215686	0.0357071123316283	NA	0.0164074527547236	1.72751273968148e-11	NA	0.0290412440929318	0.0360977691819745	0.0385395196262443	NA	0.0056227772234404	0.00136462230640135	NA	NA	0.00238016959744744	NA	0.000413884856226497	NA	0.0433574052729332	NA	0.00960658999431738	NA	NA
2	blood microparticle	14	NA	NA	0.0419031151375033	NA	3.44930791845237e-08	0.0202072968739532	NA	0.00576458606553976	NA	NA	NA	0.0450329001659274	0.00047998156255485	NA	NA	NA	1.49824437795332e-05	0.00103395855614101	NA	NA	NA	NA	0.000169344526389338	0.000746515126750549	2.37595334591191e-05	NA	2.30810798230327e-05	7.48790467682679e-06	NA	NA	0.0176078384666422	NA	NA
1	neuron to neuron synapse	14	NA	NA	NA	0.0034215852095419	NA	8.13976896950142e-09	NA	0.00167724510734643	NA	0.000239248532503324	NA	NA	NA	0.000155469682663458	0.024777202086012	0.0180161562860487	NA	NA	1.54690630432507e-06	NA	NA	NA	NA	0.00330520154090773	NA	0.0179541174059023	1.72524164046206e-07	0.024972214963923	0.0433574052729332	0.0021126417193088	NA	NA	NA
1	asymmetric synapse	14	NA	NA	NA	0.00493551018364341	NA	8.79558804269416e-08	NA	0.00220219651175342	NA	0.000292152964731325	NA	NA	NA	0.000128990862722468	0.0323944285688192	0.0213334434284256	NA	NA	2.42665553365885e-06	NA	NA	NA	NA	0.00275563818509	NA	0.0273537216925243	4.70715264732842e-07	0.0345608310696644	0.0372196961157338	0.00337031106388106	NA	NA	NA
1	side of membrane	13	NA	2.25430966330311e-05	NA	0.00156602865921076	NA	4.09792160046686e-11	NA	8.81549047823557e-11	NA	0.000292152964731325	NA	NA	0.0264932836984478	1.05010763593018e-05	2.51320717964045e-12	NA	NA	5.3416941938095e-05	0.00289987168683927	NA	NA	NA	NA	3.90239945070927e-07	0.000120324169070559	NA	0.000619848509188686	NA	NA	NA	NA	NA	NA
1	perikaryon	13	NA	0.0104922241185818	NA	NA	NA	0.000648125307074194	NA	0.00070128127651185	NA	0.00223415918094871	NA	NA	0.0224566215280416	0.015285902373424	1.94004408349729e-05	0.0120809725834465	NA	0.00225394965613319	NA	NA	0.000141866511147836	NA	NA	NA	0.00106052262110949	NA	6.16991140333555e-05	NA	NA	0.0185391534324081	NA	NA	NA
1	fibrillar collagen trimer	13	NA	NA	NA	8.66307501763374e-05	NA	7.65556435434664e-07	NA	0.000325265444349269	NA	0.000652658238481929	NA	NA	0.000180963405193448	0.0129647427911312	NA	NA	NA	1.37787899519412e-05	NA	NA	0.000141866511147836	2.95012427039317e-05	NA	3.75586127694484e-07	NA	0.000331804099503505	0.00223365175411489	0.0179762679418648	NA	NA	NA	NA	NA
1	banded collagen fibril	13	NA	NA	NA	8.66307501763374e-05	NA	7.65556435434664e-07	NA	0.000325265444349269	NA	0.000652658238481929	NA	NA	0.000180963405193448	0.0129647427911312	NA	NA	NA	1.37787899519412e-05	NA	NA	0.000141866511147836	2.95012427039317e-05	NA	3.75586127694484e-07	NA	0.000331804099503505	0.00223365175411489	0.0179762679418648	NA	NA	NA	NA	NA
1	postsynaptic density membrane	13	NA	NA	NA	0.000650897269985825	NA	3.92926349651683e-06	NA	0.00278929691381019	NA	0.0145097458479173	NA	NA	NA	0.00381087423441724	NA	NA	0.0383962204773758	0.000741334486228391	0.000877236403405114	NA	NA	NA	NA	NA	NA	2.05870401659468e-05	1.34674749039103e-05	0.000763460702841228	NA	0.0113479004940405	0.0139688873633153	NA	NA
1	neurotransmitter receptor complex	13	NA	NA	NA	0.000816468130051795	NA	0.000150432521528648	NA	0.0123441478028208	NA	NA	NA	0.0418853238280567	NA	0.0204764988374594	0.00314024210745589	NA	NA	NA	0.0274833775754875	NA	NA	NA	NA	NA	0.00800938802315288	2.57308803158593e-05	0.00234239043016597	0.000763460702841228	0.0326407870163421	NA	0.00253754577455325	NA	NA
1	postsynaptic specialization membrane	13	NA	NA	NA	0.00134812613481546	NA	2.12289566782673e-06	NA	0.00139957916065876	NA	0.00773733209588841	NA	NA	NA	0.00151284385573845	NA	NA	NA	0.000267920347430087	0.00136673723366765	NA	NA	NA	NA	NA	0.0289851292542956	4.06319486986703e-05	4.35146386578512e-05	0.00111165542225956	NA	0.0179418109957496	0.0217110466953406	NA	NA
2	cornified envelope	12	0.00982890197696744	8.12639865177189e-09	0.00469547075452831	3.27202937083782e-05	NA	NA	NA	NA	NA	0.00390153531924045	NA	NA	NA	NA	0.0101452068216061	NA	0.00141469162708909	0.000296178425167096	NA	NA	NA	NA	0.018339114405893	NA	NA	3.9449256330608e-10	NA	0.000763460702841228	NA	NA	0.000161449469335384	NA	NA
1	ionotropic glutamate receptor complex	12	NA	NA	NA	0.000633048348891908	NA	0.000109142845464256	NA	0.0100620957957058	NA	NA	NA	NA	NA	0.0204764988374594	0.0162822278130856	NA	NA	NA	0.0231959625820934	NA	NA	NA	NA	NA	0.00617065178408728	2.05870401659468e-05	0.00187733476727602	0.000692636543789544	0.0270118503507577	NA	0.00714000635977059	NA	NA
1	postsynaptic density	12	NA	NA	NA	0.00634144526392086	NA	9.93705077656442e-08	NA	0.00669161550963683	NA	0.000317200611109617	NA	NA	NA	9.33833763009526e-05	0.0361456079015046	0.023833193677216	NA	NA	7.71166349125055e-06	NA	NA	NA	NA	0.00330520154090773	NA	0.0239284882751219	1.71144546679074e-06	NA	NA	0.00275106604094238	NA	NA	NA
1	postsynaptic specialization	12	NA	NA	NA	0.00728502714827653	NA	1.36242504470417e-07	NA	0.00779115404782725	NA	0.000239248532503324	NA	NA	NA	5.25068747954209e-05	0.0263993874845115	0.0196335153412676	NA	NA	9.51540095157703e-06	NA	NA	NA	NA	0.0038751765689504	NA	0.0263292958064825	2.42909746787047e-06	NA	NA	0.00304384819889701	NA	NA	NA
2	voltage-gated calcium channel complex	11	NA	NA	NA	0.0373371882378705	NA	0.00927142017425746	NA	NA	NA	3.40143580459697e-06	NA	NA	NA	0.00344574069415853	NA	0.03201331714258	NA	NA	0.0304077610565225	NA	0.0342005970035794	NA	0.0138552061242261	NA	0.00188415111405261	NA	0.000704762064340779	0.000195385916989568	NA	NA	NA	NA	NA
1	excitatory synapse	11	NA	NA	NA	NA	NA	6.12170832388757e-06	NA	0.00139957916065876	NA	0.0253686179203406	NA	NA	NA	NA	0.0101452068216061	NA	NA	NA	0.00106187206929544	NA	NA	NA	NA	0.00542968153231973	0.00974671676857886	NA	4.23174400070328e-06	0.00628579288721928	0.0372196961157338	NA	0.00223525249814429	NA	NA
2	neuron projection terminus	11	NA	NA	NA	NA	NA	0.00185805574470862	NA	NA	0.00646591879898667	NA	0.00754842556072559	NA	NA	0.0160053697305713	1.31618689523719e-10	NA	NA	NA	0.00832768459936892	NA	0.020709436777001	0.0035498210797481	NA	NA	0.00135420093744842	NA	0.00010364152174647	NA	NA	NA	0.0340711616705525	NA	NA
2	intermediate filament cytoskeleton	10	NA	1.46177923518492e-07	9.55870963930896e-05	NA	NA	NA	NA	NA	NA	NA	NA	0.0178605773889909	NA	NA	0.0233161637631054	0.0373013944874225	NA	NA	NA	NA	NA	NA	0.0250120437300869	NA	NA	1.01567829218582e-08	NA	0.00336759125486176	NA	0.0218600353083366	0.000456977974540108	NA	NA
1	membrane raft	10	NA	0.0193134125605959	NA	0.00849745402110123	NA	3.2265908164216e-06	NA	0.000945788643960149	NA	0.000283506910412989	NA	NA	NA	7.38961054183466e-05	0.000315803700328099	NA	NA	0.00231550751737181	NA	NA	NA	NA	NA	1.64130590153338e-05	NA	NA	0.000335698092938143	NA	NA	NA	NA	NA	NA
1	membrane region	10	NA	0.0193134125605959	NA	0.0158171849361856	NA	7.74145406259288e-06	NA	0.00220219651175342	NA	0.000662856406072129	NA	NA	NA	0.000128990862722468	0.000691926990636045	NA	NA	0.00383334850638383	NA	NA	NA	NA	NA	3.68975495504915e-05	NA	NA	0.000946980931694591	NA	NA	NA	NA	NA	NA
1	membrane microdomain	10	NA	0.0193134125605959	NA	0.00897742340558253	NA	3.53141062723348e-06	NA	0.00102641859982317	NA	0.000293198496413534	NA	NA	NA	7.91483416985461e-05	0.000341894774665666	NA	NA	0.00242248547472219	NA	NA	NA	NA	NA	1.72886922140344e-05	NA	NA	0.000357158547148863	NA	NA	NA	NA	NA	NA
2	sodium channel complex	10	NA	0.0263843201977166	NA	0.00589113807195131	NA	2.27438278646744e-07	NA	0.000405947499682736	NA	NA	NA	NA	NA	NA	NA	NA	0.0205118186179125	0.00708932955483393	1.82328927403523e-06	NA	NA	NA	NA	0.000330665662904311	NA	0.000196518204444219	0.000145215361457028	NA	NA	NA	NA	NA	NA
2	platelet alpha granule lumen	10	NA	NA	NA	NA	NA	4.82772019631535e-05	NA	0.000145024873660789	NA	0.0182036720540271	NA	NA	0.0263425171543342	0.00166421152505437	NA	NA	0.00279378702578556	2.69073326863299e-05	NA	NA	NA	NA	NA	0.000850555772477068	0.00248136358608623	NA	1.31298744250658e-05	NA	NA	NA	NA	NA	NA
1	presynaptic membrane	10	NA	NA	NA	NA	NA	0.000607727219884597	NA	0.000331605227844589	NA	0.0309532919211741	NA	NA	NA	0.00856998782530513	0.000196981277193195	NA	NA	0.000633161206124916	0.019732462385105	NA	NA	NA	NA	NA	0.00865706384103683	NA	2.49937930405881e-06	0.0102563371993657	NA	NA	NA	NA	NA
2	dendritic spine	9	NA	NA	NA	0.00564775039279653	NA	3.04256667493532e-06	NA	0.0271000403193286	NA	0.0189156251169885	NA	NA	NA	0.0132164894016327	NA	0.0165183799616655	NA	NA	0.0052697779203043	NA	NA	NA	NA	0.0042994065450223	NA	NA	2.97994747175244e-05	NA	NA	NA	NA	NA	NA
2	neuron spine	9	NA	NA	NA	0.00663759268160694	NA	3.97314435124592e-06	NA	0.0322734057871145	NA	0.0230239940169156	NA	NA	NA	0.0152329017451542	NA	0.0206920907135254	NA	NA	0.00634836054399757	NA	NA	NA	NA	0.00506582000601586	NA	NA	4.35146386578512e-05	NA	NA	NA	NA	NA	NA
2	platelet alpha granule	9	NA	NA	NA	NA	NA	4.83597123514504e-06	NA	0.000145024873660789	NA	NA	NA	NA	0.0210598598097873	0.00208111027849155	NA	NA	0.00125920846253778	3.73995318347003e-05	NA	NA	NA	NA	NA	0.000314318282922589	0.0411095901038395	NA	8.68859815130723e-07	NA	NA	NA	NA	NA	NA
2	neuron projection membrane	9	NA	NA	NA	NA	NA	0.000104820674851262	NA	0.000145024873660789	NA	0.00221011162117252	NA	NA	NA	0.000400410225422745	0.000196981277193195	0.0437895608173496	NA	NA	NA	NA	NA	NA	NA	NA	NA	0.00840758087636622	1.77286432435917e-06	NA	0.00408069405594304	NA	NA	NA	NA
2	dendrite membrane	9	NA	NA	NA	NA	NA	0.00146886182172509	NA	0.0153183880870152	NA	0.0191213240681948	NA	NA	NA	0.00151284385573845	0.00109605245467853	NA	NA	NA	NA	NA	NA	NA	NA	NA	NA	0.00783766229984911	1.47095603048903e-06	0.0118441549752616	0.0139715364544737	NA	NA	NA	NA
2	sarcoplasm	9	NA	NA	NA	NA	NA	0.0076546650938247	NA	0.00287713282465089	NA	2.87112809902636e-05	0.0271740769215686	NA	NA	NA	NA	NA	NA	NA	NA	NA	0.00196177601241821	NA	NA	NA	0.00135420093744842	NA	1.64357337988829e-05	0.00111165542225956	NA	0.0306447915496745	NA	NA	NA
2	keratin filament	8	NA	1.91979890525471e-05	0.000242066334066243	NA	NA	NA	NA	NA	NA	NA	NA	0.00591205204547782	NA	NA	NA	NA	NA	NA	NA	NA	0.00429655924113146	NA	0.0308979542568337	NA	NA	0.000146126359821096	NA	0.014253518296746	NA	0.00162374808674969	NA	NA	NA
2	basolateral plasma membrane	8	NA	0.00871925011120419	0.00038080775182753	0.0372809035731128	0.0259062027965945	NA	NA	NA	NA	NA	NA	NA	NA	NA	NA	0.00184702233976232	NA	NA	0.0182741205797726	NA	NA	NA	NA	NA	NA	0.00100926081124305	NA	NA	NA	NA	0.00227158141620252	NA	NA
2	striated muscle thin filament	8	NA	NA	0.0408147301878232	NA	NA	NA	NA	0.0189246416219794	NA	1.00086131701051e-08	NA	0.00384641054494134	0.00753569395250244	NA	NA	NA	NA	NA	NA	NA	NA	NA	0.000264932065915427	NA	0.00648467208672541	NA	0.0260342729568289	NA	NA	NA	NA	NA	NA
2	T-tubule	8	NA	NA	NA	0.0320913581987243	NA	1.17919172870587e-05	NA	0.00611899752205315	NA	7.81692571920079e-08	NA	NA	NA	NA	NA	NA	NA	NA	NA	NA	NA	NA	NA	5.31824991512713e-05	0.0101249148982881	NA	2.57943606571857e-06	0.00138832437512157	NA	NA	NA	NA	NA
2	high-density lipoprotein particle	8	NA	NA	NA	NA	3.7859394071676e-09	NA	NA	NA	NA	NA	NA	0.00384641054494134	0.000827814195878101	NA	NA	NA	NA	NA	NA	NA	NA	NA	0.0160666785756308	0.00974530623128707	0.000816378291412999	NA	NA	0.000445608978986558	NA	NA	0.00382973869615393	NA	NA
2	main axon	8	NA	NA	NA	NA	NA	0.000104820674851262	NA	3.52915141449304e-05	NA	0.0105637050813886	NA	NA	NA	0.00100261148264808	0.00406129715989287	NA	NA	NA	NA	NA	NA	NA	NA	NA	NA	NA	0.000774903123364493	NA	0.0412921290974613	0.031940830124446	NA	NA	NA
2	neuronal cell body membrane	8	NA	NA	NA	NA	NA	0.0283827623487431	NA	0.0138236150295644	NA	0.00117934382675121	NA	NA	NA	0.00701500728939832	0.0190787658080964	NA	NA	0.00392644540604381	NA	NA	NA	NA	NA	NA	NA	NA	0.00836390859396109	NA	0.0258360141412212	NA	NA	NA	NA
2	cell body membrane	8	NA	NA	NA	NA	NA	0.0283827623487431	NA	0.0138236150295644	NA	0.00117934382675121	NA	NA	NA	0.00701500728939832	0.0190787658080964	NA	NA	0.00392644540604381	NA	NA	NA	NA	NA	NA	NA	NA	0.00836390859396109	NA	0.0258360141412212	NA	NA	NA	NA
2	caveola	7	NA	NA	NA	0.0388848970260955	NA	0.000740863018972081	NA	0.0331324710222778	NA	0.0109166735597469	NA	NA	NA	0.000164706772650874	NA	NA	NA	NA	NA	NA	NA	NA	NA	0.00512244936652748	NA	NA	0.0118348501255086	NA	NA	NA	NA	NA	NA
2	integrin complex	7	NA	NA	NA	NA	0.0194159593195376	0.000493265178166433	NA	6.12711983539877e-05	NA	0.0105886296827623	NA	NA	NA	0.00150757153566526	NA	NA	NA	NA	NA	NA	NA	0.0441422055251159	NA	0.00297091547929704	NA	NA	NA	NA	NA	NA	NA	NA	NA
2	protein complex involved in cell adhesion	7	NA	NA	NA	NA	0.0276250766045874	0.000329449207063725	NA	4.60051998011674e-05	NA	0.00773733209588841	NA	NA	NA	0.00301443139630064	NA	NA	NA	NA	NA	NA	NA	NA	NA	0.000481141830129413	NA	NA	0.0361371874321261	NA	NA	NA	NA	NA	NA
2	axon part	7	NA	NA	NA	NA	NA	2.66991423857769e-07	NA	0.0245370633743272	NA	NA	NA	NA	NA	1.14043331755362e-05	1.63289931675125e-06	0.0372890563666559	NA	NA	NA	NA	NA	NA	NA	NA	0.00760877352761475	NA	1.85625118982647e-05	NA	NA	NA	NA	NA	NA
2	tertiary granule	7	NA	NA	NA	NA	NA	2.55865659130922e-06	NA	0.00314671791223228	NA	NA	NA	NA	NA	0.00239548067233564	0.000315803700328099	NA	NA	NA	NA	NA	NA	NA	NA	0.0351535482657976	4.11684284733154e-05	NA	NA	0.000934503836982287	NA	NA	NA	NA	NA
2	plasma membrane raft	7	NA	NA	NA	NA	NA	1.05939933494192e-05	NA	0.00315883786727893	NA	0.000376015744686039	NA	NA	NA	2.10260772413578e-05	NA	NA	NA	NA	NA	NA	NA	0.0327605839474858	NA	0.000165976508639083	NA	NA	0.00969526027377023	NA	NA	NA	NA	NA	NA
2	cell-cell contact zone	7	NA	NA	NA	NA	NA	6.35091344237916e-05	NA	0.00060314209954188	NA	0.00320479021832953	NA	NA	NA	0.00322835363874762	NA	NA	NA	NA	NA	NA	NA	NA	NA	0.0154783621546824	NA	0.0237662470365437	0.000353307242048592	NA	NA	NA	NA	NA	NA
2	intercalated disc	7	NA	NA	NA	NA	NA	7.2021214396049e-05	NA	0.000764029354097048	NA	0.00118361320265615	NA	NA	NA	0.00146646531213774	NA	NA	NA	NA	NA	NA	NA	NA	NA	NA	0.0184934440377698	0.0108358440896203	0.000354768342214456	NA	NA	NA	NA	NA	NA
2	synaptic vesicle	7	NA	NA	NA	NA	NA	0.0246944886094468	NA	NA	0.00646591879898667	NA	NA	0.0372045378773858	NA	NA	5.1438135576014e-08	0.0260490906837582	NA	NA	NA	NA	0.0313630766187776	NA	NA	NA	NA	NA	0.00682852039478954	NA	NA	NA	NA	NA	NA
2	exocytic vesicle	7	NA	NA	NA	NA	NA	0.0258010288210498	NA	NA	0.0140585898634426	NA	NA	0.0418853238280567	NA	NA	9.69006683702334e-08	0.00798839084047093	NA	NA	NA	NA	0.0242500639075039	NA	NA	NA	NA	NA	0.00775731536615058	NA	NA	NA	NA	NA	NA
2	sarcoplasmic reticulum	7	NA	NA	NA	NA	NA	NA	NA	0.0173280768399445	NA	0.000239248532503324	0.0271740769215686	NA	NA	NA	NA	NA	NA	NA	NA	NA	0.00196177601241821	NA	NA	NA	0.000308968022069663	NA	0.000218750143887016	0.000763460702841228	NA	NA	NA	NA	NA
2	myofilament	7	NA	NA	NA	NA	NA	NA	NA	0.0238520243430453	NA	2.10341242364094e-08	NA	0.00475885247967021	0.0106712899011115	NA	NA	NA	NA	NA	NA	NA	NA	NA	0.000361780613804441	NA	0.00865706384103683	NA	0.0335041510879207	NA	NA	NA	NA	NA	NA
2	juxtaparanode region of axon	7	NA	NA	NA	NA	NA	NA	NA	0.0245370633743272	NA	NA	NA	NA	NA	NA	0.0190787658080964	NA	NA	0.0308735103052227	NA	NA	0.0141726120853154	NA	NA	NA	NA	0.0137636248647101	0.00329461213271034	NA	0.00254788473952106	NA	NA	NA	NA
2	myosin filament	6	NA	0.0273458906944432	NA	NA	NA	NA	NA	0.0353914456548049	NA	4.15671104191365e-07	NA	NA	NA	NA	NA	NA	NA	NA	NA	NA	NA	NA	0.0267246948680898	NA	NA	NA	NA	0.000934503836982287	0.0433574052729332	NA	NA	NA	NA
2	cytoplasmic vesicle lumen	6	NA	0.0367269479781093	NA	NA	NA	NA	NA	0.000432745112349319	NA	NA	NA	NA	0.00474021491484536	0.00999487661349228	NA	NA	NA	0.00392644540604381	NA	NA	NA	NA	NA	NA	0.000110773966759471	NA	NA	NA	NA	NA	NA	NA	NA
2	vesicle lumen	6	NA	0.0379843041912776	NA	NA	NA	NA	NA	0.000468663637853691	NA	NA	NA	NA	0.00337532953041389	0.0105009455693437	NA	NA	NA	0.00392644540604381	NA	NA	NA	NA	NA	NA	0.000120324169070559	NA	NA	NA	NA	NA	NA	NA	NA
2	axoneme part	6	NA	NA	NA	0.000124730522135423	NA	NA	NA	NA	NA	NA	NA	NA	NA	NA	NA	NA	0.00123714586652707	0.00500343631409749	NA	NA	NA	NA	NA	NA	NA	NA	NA	0.00144077039800868	NA	NA	0.00161701140578158	0.0141413343310387	NA
2	interstitial matrix	6	NA	NA	NA	0.0211345697765173	NA	NA	NA	NA	NA	NA	NA	NA	NA	NA	NA	NA	NA	NA	NA	NA	0.0386709881318546	NA	NA	0.0371013046373967	NA	0.00229487871009667	0.00223365175411489	NA	NA	NA	NA	NA	0.00223845891602762
2	tertiary granule membrane	6	NA	NA	NA	NA	NA	1.81843799798748e-07	NA	0.0353914456548049	NA	NA	NA	NA	NA	0.0164074527547236	4.95085781711747e-05	NA	NA	NA	NA	NA	NA	NA	NA	0.00589694991277771	0.00199460208079948	NA	NA	NA	NA	NA	NA	NA	NA
2	voltage-gated sodium channel complex	6	NA	NA	NA	NA	NA	7.65556435434664e-07	NA	0.00060314209954188	NA	NA	NA	NA	NA	NA	NA	NA	NA	NA	4.18485148794854e-06	NA	NA	NA	NA	0.00101531814158074	NA	0.0321510621046006	0.00223365175411489	NA	NA	NA	NA	NA	NA
2	leading edge membrane	6	NA	NA	NA	NA	NA	2.32636041723342e-05	NA	0.0066985760782893	NA	0.0168917741099717	NA	NA	NA	0.00451545631040889	0.000352772500717195	NA	NA	NA	NA	NA	NA	NA	NA	NA	NA	NA	0.00037246919737008	NA	NA	NA	NA	NA	NA
2	distal axon	6	NA	NA	NA	NA	NA	0.000104820674851262	NA	NA	NA	NA	NA	NA	NA	0.000124766071038594	8.46626124810549e-07	0.0260490906837582	NA	NA	NA	NA	NA	NA	NA	NA	0.0211973420023124	NA	0.000371706034462021	NA	NA	NA	NA	NA	NA
2	cell projection membrane	6	NA	NA	NA	NA	NA	0.000126056142573684	NA	0.000157446704576678	NA	NA	NA	NA	NA	0.00514239344195284	0.00255370048740826	0.004436011389982	NA	NA	NA	NA	NA	NA	NA	NA	NA	NA	0.000357158547148863	NA	NA	NA	NA	NA	NA
2	cell-cell junction	6	NA	NA	NA	NA	NA	0.000860809744389582	NA	0.000232776775468791	NA	NA	NA	NA	NA	4.39234871339071e-06	NA	NA	NA	NA	0.0321692474846926	NA	NA	NA	NA	NA	NA	7.56368668405048e-07	0.00329461213271034	NA	NA	NA	NA	NA	NA
2	AMPA glutamate receptor complex	6	NA	NA	NA	NA	NA	0.00712297424988296	NA	NA	NA	NA	NA	NA	NA	NA	0.012537619708102	NA	NA	NA	NA	NA	NA	NA	NA	NA	0.0190565183688589	0.0165883943461578	0.0298791656688891	0.026352345026489	NA	NA	NA	NA	NA
2	sarcoplasmic reticulum membrane	6	NA	NA	NA	NA	NA	NA	NA	0.0245370633743272	NA	0.0002413923219099	NA	NA	NA	NA	NA	NA	NA	NA	NA	NA	0.00921890446722795	NA	NA	NA	0.000894548480496969	NA	0.00223365175411489	0.000763460702841228	NA	NA	NA	NA	NA
2	terminal bouton	6	NA	NA	NA	NA	NA	NA	NA	NA	0.000653645370991985	NA	NA	NA	NA	NA	4.13086313820415e-10	NA	NA	NA	NA	NA	0.0323489948705417	0.0431461141150641	NA	NA	NA	NA	0.0207365972696586	NA	NA	NA	0.00391223997848224	NA	NA
2	synaptic vesicle membrane	6	NA	NA	NA	NA	NA	NA	NA	NA	0.024698582895061	NA	NA	0.0372045378773858	NA	NA	3.78400100319293e-08	0.0409332747217554	NA	NA	NA	NA	0.0056227772234404	NA	NA	NA	NA	NA	0.00390005165355438	NA	NA	NA	NA	NA	NA
2	exocytic vesicle membrane	6	NA	NA	NA	NA	NA	NA	NA	NA	0.024698582895061	NA	NA	0.0372045378773858	NA	NA	3.78400100319293e-08	0.0409332747217554	NA	NA	NA	NA	0.0056227772234404	NA	NA	NA	NA	NA	0.00390005165355438	NA	NA	NA	NA	NA	NA
2	calcium channel complex	6	NA	NA	NA	NA	NA	NA	NA	NA	NA	0.000185739662595115	NA	NA	NA	0.0295383467279325	NA	NA	NA	NA	NA	NA	NA	NA	NA	NA	0.000846661110797732	NA	0.000425621496870805	0.000639754535403991	0.0257596594384793	NA	NA	NA	NA
2	myosin complex	5	NA	0.0193134125605959	NA	NA	NA	NA	NA	0.0107134022954359	NA	1.54153790739612e-05	NA	NA	NA	0.0252517519214062	NA	NA	NA	NA	NA	NA	NA	NA	0.0454678896863528	NA	NA	NA	NA	NA	NA	NA	NA	NA	NA
2	secretory granule membrane	5	NA	0.0263843201977166	NA	NA	NA	9.14303317415218e-06	NA	0.0232736618824902	NA	NA	NA	NA	NA	NA	4.64297651881891e-05	NA	NA	NA	NA	NA	NA	NA	NA	NA	0.000808753705108932	NA	NA	NA	NA	NA	NA	NA	NA
2	axoneme	5	NA	NA	NA	0.000342880842097179	NA	NA	NA	NA	NA	NA	NA	NA	NA	NA	NA	NA	0.00123714586652707	0.0171213112348656	NA	NA	NA	NA	NA	NA	NA	NA	NA	0.000934503836982287	NA	NA	7.80571375829979e-05	NA	NA
2	ciliary plasm	5	NA	NA	NA	0.000385084956416666	NA	NA	NA	NA	NA	NA	NA	NA	NA	NA	NA	NA	0.00128814988314401	0.0186391941903283	NA	NA	NA	NA	NA	NA	NA	NA	NA	0.00105269517541065	NA	NA	7.80571375829979e-05	NA	NA
2	axonemal dynein complex	5	NA	NA	NA	0.0251120390678341	NA	NA	NA	NA	NA	NA	NA	NA	NA	NA	NA	NA	0.0237929253821813	NA	NA	NA	NA	NA	NA	NA	NA	NA	NA	0.0180943245286373	NA	NA	0.0243511573337474	0.0289579442533725	NA
2	plasma lipoprotein particle	5	NA	NA	NA	NA	3.52153100954337e-08	NA	NA	NA	NA	NA	NA	NA	0.0264932836984478	NA	NA	NA	NA	NA	NA	NA	NA	NA	NA	0.0144283957815693	0.00197103764890828	NA	NA	0.00224794007039769	NA	NA	NA	NA	NA
2	lipoprotein particle	5	NA	NA	NA	NA	3.52153100954337e-08	NA	NA	NA	NA	NA	NA	NA	0.0264932836984478	NA	NA	NA	NA	NA	NA	NA	NA	NA	NA	0.0144283957815693	0.00197103764890828	NA	NA	0.00224794007039769	NA	NA	NA	NA	NA
2	protein-lipid complex	5	NA	NA	NA	NA	5.37570215897555e-08	NA	NA	NA	NA	NA	NA	NA	0.0445533627389001	NA	NA	NA	NA	NA	NA	NA	NA	NA	NA	0.0223114094004693	0.00406374203890144	NA	NA	0.00351637999293778	NA	NA	NA	NA	NA
2	cytosolic ribosome	5	NA	NA	NA	NA	6.31441104215109e-05	NA	NA	NA	NA	NA	NA	NA	0.00598432972797303	NA	NA	7.75617574620936e-13	NA	NA	NA	NA	NA	NA	NA	NA	NA	NA	NA	NA	NA	NA	NA	0.0289579442533725	0.00695501941240096
2	cytosolic large ribosomal subunit	5	NA	NA	NA	NA	0.000580557650572876	NA	NA	NA	NA	NA	NA	NA	0.00582602776830761	NA	NA	7.64765042464392e-10	NA	NA	NA	NA	NA	NA	NA	NA	NA	NA	NA	NA	NA	NA	NA	0.0364264044265018	0.00169655662317061
2	specific granule	5	NA	NA	NA	NA	NA	0.000229622506035601	NA	NA	NA	NA	NA	NA	NA	0.0233496130046614	0.00306761345686941	NA	NA	NA	NA	NA	NA	NA	NA	0.029733010692108	0.000466054052011793	NA	NA	NA	NA	NA	NA	NA	NA
2	dendritic shaft	5	NA	NA	NA	NA	NA	0.000329449207063725	NA	0.00956318286551124	NA	NA	NA	NA	NA	0.0142364124982981	NA	NA	NA	NA	NA	NA	NA	NA	NA	0.00536878694232171	NA	NA	0.00223365175411489	NA	NA	NA	NA	NA	NA
2	microfibril	5	NA	NA	NA	NA	NA	0.00287314330692207	NA	NA	NA	NA	NA	NA	NA	NA	NA	NA	NA	0.0308735103052227	NA	NA	0.0141726120853154	NA	NA	0.00237063834819369	NA	NA	0.00329461213271034	NA	NA	NA	NA	NA	NA
2	secretory granule lumen	5	NA	NA	NA	NA	NA	NA	NA	0.000529511708503596	NA	NA	NA	NA	0.00753569395250244	0.0123173947675147	NA	NA	NA	0.00815763287585896	NA	NA	NA	NA	NA	NA	0.000225031885059093	NA	NA	NA	NA	NA	NA	NA	NA
2	muscle myosin complex	5	NA	NA	NA	NA	NA	NA	NA	0.0100620957957058	0.043290047638354	2.48776728580408e-10	NA	NA	NA	NA	NA	NA	NA	NA	NA	NA	NA	NA	0.00040016226201982	NA	NA	NA	NA	0.00281697963059521	NA	NA	NA	NA	NA
2	anchored component of plasma membrane	5	NA	NA	NA	NA	NA	NA	NA	NA	NA	NA	NA	NA	0.00103785186671484	8.42477756021494e-07	NA	0.0408226137703576	NA	NA	NA	NA	NA	NA	NA	NA	0.0201100497276756	NA	0.0335041510879207	NA	NA	NA	NA	NA	NA
2	endocytic vesicle lumen	4	0.0126874869706287	NA	NA	NA	0.00382402458277285	NA	NA	NA	NA	NA	NA	NA	NA	NA	NA	NA	NA	0.0158255118896214	NA	NA	NA	NA	NA	NA	NA	NA	NA	NA	NA	NA	0.0243511573337474	NA	NA
2	axon	4	NA	NA	NA	NA	NA	8.02396157472788e-10	NA	NA	NA	NA	NA	NA	NA	1.21941316342083e-07	NA	0.00341667778266026	NA	NA	NA	NA	NA	NA	NA	NA	NA	0.0357215616798186	NA	NA	NA	NA	NA	NA	NA
2	specific granule membrane	4	NA	NA	NA	NA	NA	7.19914193406702e-05	NA	NA	NA	NA	NA	NA	NA	NA	0.00158199313241014	NA	NA	NA	NA	NA	NA	NA	NA	0.0128580294052505	0.0289851292542956	NA	NA	NA	NA	NA	NA	NA	NA
2	ficolin-1-rich granule membrane	4	NA	NA	NA	NA	NA	0.00103072069639937	NA	0.00779115404782725	NA	NA	NA	NA	NA	0.020082377000263	NA	NA	NA	NA	NA	NA	NA	NA	NA	NA	0.0163420633757816	NA	NA	NA	NA	NA	NA	NA	NA
2	presynaptic active zone	4	NA	NA	NA	NA	NA	0.00542380167120806	NA	0.0167165062066443	NA	NA	NA	NA	NA	NA	2.19106425176156e-07	NA	NA	NA	NA	NA	NA	NA	NA	NA	NA	NA	0.00112127328335749	NA	NA	NA	NA	NA	NA
2	axolemma	4	NA	NA	NA	NA	NA	0.0309235456688262	NA	0.000329580720285008	NA	0.0229346767867512	NA	NA	NA	NA	0.00902734179417867	NA	NA	NA	NA	NA	NA	NA	NA	NA	NA	NA	NA	NA	NA	NA	NA	NA	NA
2	spanning component of membrane	4	NA	NA	NA	NA	NA	0.0315844834194467	NA	0.00779115404782725	NA	NA	NA	NA	NA	NA	NA	NA	NA	NA	NA	NA	NA	NA	NA	NA	NA	NA	0.0366647134588626	NA	NA	NA	0.0176078384666422	NA	NA
2	myosin II complex	4	NA	NA	NA	NA	NA	NA	NA	0.0169357769333805	NA	5.56098003753316e-09	NA	NA	NA	NA	NA	NA	NA	NA	NA	NA	NA	NA	0.00463336188427869	NA	NA	NA	NA	0.0118441549752616	NA	NA	NA	NA	NA
2	actin cytoskeleton	4	NA	NA	NA	NA	NA	NA	NA	0.0245370633743272	NA	0.000106257482107025	NA	NA	NA	0.00142605282313708	NA	NA	NA	NA	NA	NA	NA	NA	NA	NA	0.0140638461539399	NA	NA	NA	NA	NA	NA	NA	NA
2	cell-cell adherens junction	4	NA	NA	NA	NA	NA	NA	NA	0.0249960080533154	NA	NA	NA	NA	NA	0.0369073271147407	NA	NA	NA	NA	NA	NA	NA	NA	NA	NA	NA	0.0222883054187631	0.00929725677377362	NA	NA	NA	NA	NA	NA
2	dystrophin-associated glycoprotein complex	4	NA	NA	NA	NA	NA	NA	NA	0.0249960080533154	NA	0.00117934382675121	NA	NA	NA	0.0231893567959996	NA	NA	NA	NA	NA	NA	NA	NA	NA	NA	NA	NA	0.000106243122302169	NA	NA	NA	NA	NA	NA
2	glycoprotein complex	4	NA	NA	NA	NA	NA	NA	NA	0.0249960080533154	NA	0.00117934382675121	NA	NA	NA	0.0231893567959996	NA	NA	NA	NA	NA	NA	NA	NA	NA	NA	NA	NA	0.000106243122302169	NA	NA	NA	NA	NA	NA
2	nucleosome	4	NA	NA	NA	NA	NA	NA	NA	NA	2.79692443984492e-06	NA	NA	NA	NA	NA	NA	NA	0.00209233780071338	NA	NA	1.00502233619563e-06	7.99030148702136e-05	NA	NA	NA	NA	NA	NA	NA	NA	NA	NA	NA	NA
2	DNA packaging complex	4	NA	NA	NA	NA	NA	NA	NA	NA	4.97472588604055e-06	NA	NA	NA	NA	NA	NA	NA	0.000971673520531095	NA	NA	2.46920881429023e-06	0.000447242967193972	NA	NA	NA	NA	NA	NA	NA	NA	NA	NA	NA	NA
2	A band	4	NA	NA	NA	NA	NA	NA	NA	NA	NA	9.18166895957848e-10	NA	NA	NA	NA	NA	NA	NA	NA	NA	NA	NA	NA	0.048156145689175	NA	NA	NA	0.030948725321243	NA	NA	NA	0.0105697838701808	NA	NA
2	basal plasma membrane	4	NA	NA	NA	NA	NA	NA	NA	NA	NA	NA	NA	NA	NA	0.0241063418964137	NA	NA	NA	NA	NA	NA	NA	NA	NA	NA	NA	0.0234021864353926	NA	0.0207894943776397	NA	NA	0.00726242873886125	NA	NA
2	multivesicular body	4	NA	NA	NA	NA	NA	NA	NA	NA	NA	NA	NA	NA	NA	NA	0.000931676831885796	NA	NA	0.0158255118896214	NA	NA	NA	NA	NA	NA	0.0236313863359875	NA	NA	NA	NA	0.0306447915496745	NA	NA	NA
2	desmosome	3	0.0245196465841135	NA	NA	NA	NA	NA	NA	NA	NA	NA	NA	NA	NA	0.0252517519214062	NA	NA	NA	NA	NA	NA	NA	NA	NA	NA	NA	0.000350405408975298	NA	NA	NA	NA	NA	NA	NA
2	condensed nuclear chromosome kinetochore	3	0.0273772641034865	NA	NA	NA	NA	NA	NA	NA	NA	NA	NA	NA	NA	NA	NA	NA	0.00331947070597442	NA	NA	NA	NA	NA	NA	NA	NA	NA	0.0135396628270082	NA	NA	NA	NA	NA	NA
2	intrinsic component of external side of plasma membrane	3	NA	0.0325392587623808	NA	0.0325605254838967	NA	NA	NA	NA	NA	NA	NA	NA	0.0210598598097873	NA	NA	NA	NA	NA	NA	NA	NA	NA	NA	NA	NA	NA	NA	NA	NA	NA	NA	NA	NA
2	clathrin-coated endocytic vesicle	3	NA	0.0428492339642137	NA	NA	NA	NA	NA	NA	NA	NA	NA	NA	NA	NA	0.0134116241725121	NA	NA	NA	NA	NA	NA	NA	NA	NA	NA	NA	NA	0.00336759125486176	NA	NA	NA	NA	NA
2	motile cilium	3	NA	NA	NA	0.0153720617549625	NA	NA	NA	NA	NA	NA	NA	NA	NA	NA	NA	NA	0.0167294965644986	NA	NA	NA	NA	NA	NA	NA	NA	NA	NA	NA	NA	NA	9.91426317510235e-05	NA	NA
2	plasma membrane bounded cell projection cytoplasm	3	NA	NA	NA	0.0153839479513077	NA	NA	NA	NA	NA	NA	NA	NA	NA	NA	NA	NA	NA	NA	NA	NA	NA	NA	NA	NA	NA	NA	NA	0.00223809599636748	NA	NA	0.000625107124560009	NA	NA
2	cell leading edge	3	NA	NA	NA	NA	NA	0.00125409759900197	NA	NA	NA	NA	NA	NA	NA	0.0129647427911312	NA	NA	NA	NA	NA	NA	NA	NA	NA	NA	NA	NA	0.0148072255882421	NA	NA	NA	NA	NA	NA
2	neuromuscular junction	3	NA	NA	NA	NA	NA	0.0144324856532354	NA	NA	NA	0.0172098200982411	NA	NA	NA	NA	NA	NA	NA	NA	NA	NA	NA	NA	NA	NA	NA	NA	0.000903212282682284	NA	NA	NA	NA	NA	NA
2	guanylate cyclase complex, soluble	3	NA	NA	NA	NA	NA	0.0309235456688262	NA	0.00964351074606843	NA	NA	NA	NA	NA	NA	NA	NA	NA	NA	NA	NA	NA	NA	NA	NA	NA	NA	0.0140142145194588	NA	NA	NA	NA	NA	NA
2	integral component of synaptic vesicle membrane	3	NA	NA	NA	NA	NA	0.0309235456688262	NA	NA	NA	NA	NA	NA	NA	NA	0.000691926990636045	NA	NA	NA	NA	NA	NA	NA	NA	NA	NA	NA	0.0225340745518366	NA	NA	NA	NA	NA	NA
2	clathrin-coated vesicle membrane	3	NA	NA	NA	NA	NA	NA	NA	0.0121925995436982	NA	NA	NA	NA	NA	NA	1.2289985984288e-05	NA	NA	NA	NA	NA	NA	NA	NA	NA	NA	NA	NA	0.000260725987530583	NA	NA	NA	NA	NA
2	cation-transporting ATPase complex	3	NA	NA	NA	NA	NA	NA	NA	0.0257678680736788	NA	NA	NA	NA	NA	NA	NA	NA	NA	0.0143657874773476	NA	0.032151717913064	NA	NA	NA	NA	NA	NA	NA	NA	NA	NA	NA	NA	NA
2	nuclear nucleosome	3	NA	NA	NA	NA	NA	NA	NA	NA	2.96564800218433e-05	NA	NA	NA	NA	NA	NA	NA	0.0255561355116574	NA	NA	0.00698944688869054	NA	NA	NA	NA	NA	NA	NA	NA	NA	NA	NA	NA	NA
2	protein-DNA complex	3	NA	NA	NA	NA	NA	NA	NA	NA	0.024698582895061	NA	NA	NA	NA	NA	NA	NA	0.0290412440929318	NA	NA	0.00416706067384046	NA	NA	NA	NA	NA	NA	NA	NA	NA	NA	NA	NA	NA
2	dendrite	3	NA	NA	NA	NA	NA	NA	NA	NA	NA	NA	NA	NA	NA	8.42477756021494e-07	NA	0.00740397370762476	NA	NA	NA	NA	NA	NA	NA	NA	NA	NA	NA	NA	NA	NA	NA	NA	0.0385293992865104
2	dendritic tree	3	NA	NA	NA	NA	NA	NA	NA	NA	NA	NA	NA	NA	NA	8.42477756021494e-07	NA	0.00740397370762476	NA	NA	NA	NA	NA	NA	NA	NA	NA	NA	NA	NA	NA	NA	NA	NA	0.0385293992865104
2	GABA-A receptor complex	3	NA	NA	NA	NA	NA	NA	NA	NA	NA	NA	NA	NA	NA	NA	5.22993702464473e-05	NA	NA	NA	NA	NA	NA	NA	NA	NA	NA	NA	NA	0.0101163945691664	0.0020354467320971	NA	NA	NA	NA
2	GABA receptor complex	3	NA	NA	NA	NA	NA	NA	NA	NA	NA	NA	NA	NA	NA	NA	0.000102442191773721	NA	NA	NA	NA	NA	NA	NA	NA	NA	NA	NA	NA	0.0136184461878413	0.00274745564460916	NA	NA	NA	NA
2	chloride channel complex	3	NA	NA	NA	NA	NA	NA	NA	NA	NA	NA	NA	NA	NA	NA	0.00261903750944688	NA	NA	NA	NA	NA	NA	NA	NA	NA	NA	NA	NA	0.00814201301143106	0.00669478303823182	NA	NA	NA	NA
2	costamere	3	NA	NA	NA	NA	NA	NA	NA	NA	NA	NA	NA	NA	NA	NA	0.00566586321713072	NA	NA	NA	NA	NA	NA	NA	NA	NA	0.00824142143945455	NA	3.32859274722103e-05	NA	NA	NA	NA	NA	NA
2	dense core granule	3	NA	NA	NA	NA	NA	NA	NA	NA	NA	NA	NA	NA	NA	NA	0.0132096370047339	0.0120809725834465	NA	NA	NA	NA	NA	NA	NA	NA	0.00735461239648104	NA	NA	NA	NA	NA	NA	NA	NA
2	lamellar body	3	NA	NA	NA	NA	NA	NA	NA	NA	NA	NA	NA	NA	NA	NA	0.0361456079015046	NA	NA	7.29903303404285e-05	NA	NA	NA	NA	NA	NA	NA	NA	NA	NA	NA	0.0306447915496745	NA	NA	NA
2	catenin complex	3	NA	NA	NA	NA	NA	NA	NA	NA	NA	NA	NA	NA	NA	NA	NA	NA	NA	0.0227031194053213	NA	NA	NA	NA	NA	NA	NA	0.0221280935990533	0.0228490001014261	NA	NA	NA	NA	NA	NA
2	basal part of cell	3	NA	NA	NA	NA	NA	NA	NA	NA	NA	NA	NA	NA	NA	NA	NA	NA	NA	0.0336582130284813	NA	NA	NA	NA	NA	NA	NA	NA	0.0232262722198852	NA	NA	NA	0.033466025056534	NA	NA
2	spindle midzone	2	0.00656371955181722	NA	NA	NA	NA	NA	NA	NA	NA	NA	NA	NA	NA	NA	NA	NA	0.0424832865168375	NA	NA	NA	NA	NA	NA	NA	NA	NA	NA	NA	NA	NA	NA	NA	NA
2	condensed nuclear chromosome, centromeric region	2	0.0295914175032956	NA	NA	NA	NA	NA	NA	NA	NA	NA	NA	NA	NA	NA	NA	NA	0.00320476483075655	NA	NA	NA	NA	NA	NA	NA	NA	NA	NA	NA	NA	NA	NA	NA	NA
2	anchored component of external side of plasma membrane	2	NA	0.0346970569781137	NA	NA	NA	NA	NA	NA	NA	NA	NA	NA	0.00468199335592137	NA	NA	NA	NA	NA	NA	NA	NA	NA	NA	NA	NA	NA	NA	NA	NA	NA	NA	NA	NA
2	very-low-density lipoprotein particle	2	NA	NA	NA	NA	1.03574782431984e-05	NA	NA	NA	NA	NA	NA	NA	NA	NA	NA	NA	NA	NA	NA	NA	NA	NA	NA	NA	NA	NA	NA	0.00105269517541065	NA	NA	NA	NA	NA
2	triglyceride-rich plasma lipoprotein particle	2	NA	NA	NA	NA	1.03574782431984e-05	NA	NA	NA	NA	NA	NA	NA	NA	NA	NA	NA	NA	NA	NA	NA	NA	NA	NA	NA	NA	NA	NA	0.00105269517541065	NA	NA	NA	NA	NA
2	chylomicron	2	NA	NA	NA	NA	4.68204377961602e-05	NA	NA	NA	NA	NA	NA	NA	NA	NA	NA	NA	NA	NA	NA	NA	NA	NA	NA	NA	NA	NA	NA	0.0017386556186272	NA	NA	NA	NA	NA
2	cytosolic part	2	NA	NA	NA	NA	0.0194159593195376	NA	NA	NA	NA	NA	NA	NA	NA	NA	NA	2.87091270458336e-05	NA	NA	NA	NA	NA	NA	NA	NA	NA	NA	NA	NA	NA	NA	NA	NA	NA
2	ribosomal subunit	2	NA	NA	NA	NA	0.0259062027965945	NA	NA	NA	NA	NA	NA	NA	NA	NA	NA	3.11168074727615e-05	NA	NA	NA	NA	NA	NA	NA	NA	NA	NA	NA	NA	NA	NA	NA	NA	NA
2	site of polarized growth	2	NA	NA	NA	NA	NA	0.00057754477839439	NA	NA	NA	NA	NA	NA	NA	0.00351515761713102	NA	NA	NA	NA	NA	NA	NA	NA	NA	NA	NA	NA	NA	NA	NA	NA	NA	NA	NA
2	growth cone	2	NA	NA	NA	NA	NA	0.00143921564369613	NA	NA	NA	NA	NA	NA	NA	0.00247280287161635	NA	NA	NA	NA	NA	NA	NA	NA	NA	NA	NA	NA	NA	NA	NA	NA	NA	NA	NA
2	actin-based cell projection	2	NA	NA	NA	NA	NA	0.00167901407567551	NA	NA	NA	NA	NA	NA	NA	NA	NA	0.0120809725834465	NA	NA	NA	NA	NA	NA	NA	NA	NA	NA	NA	NA	NA	NA	NA	NA	NA
2	node of Ranvier	2	NA	NA	NA	NA	NA	0.00242251197368213	NA	0.00658135722558615	NA	NA	NA	NA	NA	NA	NA	NA	NA	NA	NA	NA	NA	NA	NA	NA	NA	NA	NA	NA	NA	NA	NA	NA	NA
2	paranode region of axon	2	NA	NA	NA	NA	NA	0.00287314330692207	NA	0.00779115404782725	NA	NA	NA	NA	NA	NA	NA	NA	NA	NA	NA	NA	NA	NA	NA	NA	NA	NA	NA	NA	NA	NA	NA	NA	NA
2	endocytic vesicle membrane	2	NA	NA	NA	NA	NA	0.0133307289610762	NA	NA	NA	NA	NA	NA	NA	NA	0.00316224742441301	NA	NA	NA	NA	NA	NA	NA	NA	NA	NA	NA	NA	NA	NA	NA	NA	NA	NA
2	actin filament bundle	2	NA	NA	NA	NA	NA	0.0202072968739532	NA	NA	NA	NA	NA	NA	NA	0.0142364124982981	NA	NA	NA	NA	NA	NA	NA	NA	NA	NA	NA	NA	NA	NA	NA	NA	NA	NA	NA
2	T cell receptor complex	2	NA	NA	NA	NA	NA	NA	NA	0.000485823964165574	NA	NA	NA	NA	NA	NA	NA	NA	NA	NA	0.00847189694877069	NA	NA	NA	NA	NA	NA	NA	NA	NA	NA	NA	NA	NA	NA
2	mast cell granule	2	NA	NA	NA	NA	NA	NA	NA	0.00552790594512737	NA	NA	NA	NA	NA	NA	0.000312242224532886	NA	NA	NA	NA	NA	NA	NA	NA	NA	NA	NA	NA	NA	NA	NA	NA	NA	NA
2	brush border membrane	2	NA	NA	NA	NA	NA	NA	NA	0.0177904037899326	NA	NA	NA	NA	NA	NA	NA	NA	NA	NA	NA	NA	NA	NA	NA	NA	NA	NA	NA	NA	NA	NA	NA	NA	0.0385293992865104
2	microvillus	2	NA	NA	NA	NA	NA	NA	NA	0.0232995416469712	NA	NA	NA	NA	NA	NA	NA	NA	NA	NA	NA	NA	0.00741942966773247	NA	NA	NA	NA	NA	NA	NA	NA	NA	NA	NA	NA
2	sodium:potassium-exchanging ATPase complex	2	NA	NA	NA	NA	NA	NA	NA	0.0245370633743272	NA	NA	NA	NA	NA	NA	NA	NA	0.0102819301848335	NA	NA	NA	NA	NA	NA	NA	NA	NA	NA	NA	NA	NA	NA	NA	NA
2	extrinsic component of plasma membrane	2	NA	NA	NA	NA	NA	NA	NA	0.0271000403193286	NA	NA	NA	NA	NA	NA	NA	NA	NA	NA	NA	NA	NA	NA	NA	NA	0.00197103764890828	NA	NA	NA	NA	NA	NA	NA	NA
2	lysosomal lumen	2	NA	NA	NA	NA	NA	NA	NA	0.0372557308800301	NA	NA	NA	NA	NA	0.0369073271147407	NA	NA	NA	NA	NA	NA	NA	NA	NA	NA	NA	NA	NA	NA	NA	NA	NA	NA	NA
2	plasma membrane protein complex	2	NA	NA	NA	NA	NA	NA	NA	NA	NA	NA	NA	NA	NA	2.46918976746551e-07	NA	0.00137068124243619	NA	NA	NA	NA	NA	NA	NA	NA	NA	NA	NA	NA	NA	NA	NA	NA	NA
2	apical junction complex	2	NA	NA	NA	NA	NA	NA	NA	NA	NA	NA	NA	NA	NA	0.00385573890070967	NA	NA	NA	NA	NA	NA	NA	NA	NA	NA	NA	0.00417770166293798	NA	NA	NA	NA	NA	NA	NA
2	bicellular tight junction	2	NA	NA	NA	NA	NA	NA	NA	NA	NA	NA	NA	NA	NA	0.00563479271778111	NA	NA	NA	NA	NA	NA	NA	NA	NA	NA	NA	0.000706246976230199	NA	NA	NA	NA	NA	NA	NA
2	occluding junction	2	NA	NA	NA	NA	NA	NA	NA	NA	NA	NA	NA	NA	NA	0.00760670043961619	NA	NA	NA	NA	NA	NA	NA	NA	NA	NA	NA	0.000980746545606933	NA	NA	NA	NA	NA	NA	NA
2	specific granule lumen	2	NA	NA	NA	NA	NA	NA	NA	NA	NA	NA	NA	NA	NA	0.00995689899749313	NA	NA	NA	NA	NA	NA	NA	NA	NA	NA	0.00578047181912408	NA	NA	NA	NA	NA	NA	NA	NA
2	dendritic spine membrane	2	NA	NA	NA	NA	NA	NA	NA	NA	NA	NA	NA	NA	NA	0.0322794329434341	NA	NA	NA	NA	NA	NA	NA	NA	NA	NA	NA	NA	0.00223365175411489	NA	NA	NA	NA	NA	NA
2	transport vesicle membrane	2	NA	NA	NA	NA	NA	NA	NA	NA	NA	NA	NA	NA	NA	NA	8.66815076451703e-07	NA	NA	NA	NA	NA	NA	NA	NA	NA	NA	NA	NA	NA	0.0168180118356565	NA	NA	NA	NA
2	MHC class II protein complex	2	NA	NA	NA	NA	NA	NA	NA	NA	NA	NA	NA	NA	NA	NA	0.000530608209303068	NA	NA	NA	NA	NA	NA	NA	NA	NA	NA	NA	NA	0.00111165542225956	NA	NA	NA	NA	NA
2	clathrin-coated endocytic vesicle membrane	2	NA	NA	NA	NA	NA	NA	NA	NA	NA	NA	NA	NA	NA	NA	0.001190086681368	NA	NA	NA	NA	NA	NA	NA	NA	NA	NA	NA	NA	0.000195385916989568	NA	NA	NA	NA	NA
2	MHC protein complex	2	NA	NA	NA	NA	NA	NA	NA	NA	NA	NA	NA	NA	NA	NA	0.00512691844184188	NA	NA	NA	NA	NA	NA	NA	NA	NA	NA	NA	NA	0.0207894943776397	NA	NA	NA	NA	NA
2	clathrin-coated vesicle	2	NA	NA	NA	NA	NA	NA	NA	NA	NA	NA	NA	NA	NA	NA	0.0101452068216061	NA	NA	NA	NA	NA	NA	NA	NA	NA	NA	NA	NA	0.00799234975694482	NA	NA	NA	NA	NA
2	extrinsic component of cytoplasmic side of plasma membrane	2	NA	NA	NA	NA	NA	NA	NA	NA	NA	NA	NA	NA	NA	NA	0.012632768335263	NA	NA	NA	NA	NA	NA	NA	NA	NA	0.0123427170109027	NA	NA	NA	NA	NA	NA	NA	NA
2	condensed chromosome outer kinetochore	2	NA	NA	NA	NA	NA	NA	NA	NA	NA	NA	NA	NA	NA	NA	NA	NA	0.0053333529437397	NA	NA	NA	NA	NA	NA	NA	NA	NA	0.0229531864667294	NA	NA	NA	NA	NA	NA
2	synaptic cleft	2	NA	NA	NA	NA	NA	NA	NA	NA	NA	NA	NA	NA	NA	NA	NA	NA	NA	NA	NA	NA	NA	0.0136378911235358	NA	NA	0.0318578565695037	NA	NA	NA	NA	NA	NA	NA	NA
2	tertiary granule lumen	2	NA	NA	NA	NA	NA	NA	NA	NA	NA	NA	NA	NA	NA	NA	NA	NA	NA	NA	NA	NA	NA	NA	NA	NA	0.00395347325827246	NA	NA	0.00422614000135362	NA	NA	NA	NA	NA
