Cluster	Name	Number	ACC	BLCA	BRCA	CESC	CHOL	COAD	DLBC	ESCA	GBM	HNSC	KICH	KIRC	KIRP	LAML	LGG	LIHC	LUAD	LUSC	MESO	OV	PAAD	PCPG	PRAD	READ	SARC	SKCM	STAD	TGCT	THCA	THYM	UCEC	UCS	UVM
NA	NA	NA	11	20	17	31	17	41	0	43	17	31	12	18	22	37	25	22	20	27	28	11	26	16	6	30	33	24	43	35	21	18	24	9	NA
1	proteinaceous extracellular matrix	31	1.02036213163105e-05	1.46177923518492e-07	5.62240189700369e-06	1.83403462494108e-36	0.000580557650572876	9.98514490251814e-54	NA	1.33367539764762e-36	4.97472588604055e-06	3.69480966708418e-32	3.4637604347723e-08	0.000349374049689464	1.10628871345968e-07	7.53620862327064e-16	1.81478774487613e-05	0.0013294539462051	6.66643519379596e-07	2.32692306921706e-47	5.38852967302508e-22	6.11431095671536e-06	2.40920754469633e-25	1.7634514993152e-18	NA	1.39244947442634e-51	1.21075534493231e-10	1.77240535655069e-33	9.87670900332848e-54	1.27603916357253e-10	5.96977050993374e-10	6.27225168839787e-05	0.000456977974540108	0.0364264044265018	9.26409439764352e-16
1	extracellular matrix	31	1.02036213163105e-05	1.3626728649267e-09	1.56325139146886e-07	4.81741654766011e-39	5.37570215897555e-08	1.05565935505314e-58	NA	1.73035552826489e-43	4.94243114467641e-07	1.71966500749246e-37	4.05158314220838e-11	0.000100413879262832	2.47498973602612e-11	1.42794849560761e-26	3.6703713850638e-06	0.00674885731288338	3.24425290394362e-10	3.28348865021487e-53	1.3401174420763e-21	7.26776746978723e-09	1.26586291998753e-25	9.67685289631611e-18	NA	2.63388424603353e-53	1.31437085796328e-12	1.13262771762857e-37	2.11287204712374e-63	9.818034141021e-12	5.96977050993374e-10	2.7091524117027e-06	9.91426317510235e-05	0.0451260675090212	1.07487068548152e-17
1	transporter complex	28	0.0245196465841135	0.0339268831860281	0.00038080775182753	6.42732956530895e-09	NA	1.4153780099075e-13	NA	1.00544290923995e-09	0.0213427096375416	8.69482672030974e-13	NA	0.00384641054494134	0.00154744374258161	0.0010339205586154	2.72124742450153e-12	5.18170103306363e-05	1.03354956565478e-06	1.37787899519412e-05	1.51731040570661e-06	0.0216155563357586	8.1186519643602e-06	7.97185763723687e-05	NA	0.000130059155758774	4.12493675902851e-12	1.84696535032378e-09	8.41020467005879e-14	1.48034058510168e-10	7.36249125041913e-09	1.73613991095068e-06	0.0021282315211014	0.00819079987103917	NA
1	receptor complex	27	0.0426019365741745	0.0175295809190101	0.00104105345574662	2.59555937259375e-08	9.37787438401685e-07	3.07662458048152e-14	NA	8.81549047823557e-11	0.00646591879898667	4.95022205108248e-12	NA	NA	0.0210598598097873	5.51623596326782e-11	1.77632833617112e-14	0.000238118376612749	3.75930217386958e-05	2.79427007253551e-10	8.81583714027132e-15	NA	4.62590960280556e-05	7.21257640620208e-10	NA	2.14557754300814e-07	3.24557335343963e-05	1.17200861046458e-06	3.00092945628617e-11	3.26211081219008e-07	1.41977850485921e-05	0.0299483745782538	0.00126820132365388	NA	0.000160272368543765
1	collagen trimer	23	0.01699226566034	0.000223922721102116	0.00234950582467731	3.0569554758259e-07	0.0151755592195164	5.966725448267e-19	NA	7.18800354427592e-11	4.97472588604055e-06	1.15028232978853e-08	0.017810118662399	NA	0.000683895766977968	4.0023969758103e-07	0.0147549655341727	NA	NA	1.58432386851352e-21	7.32368735248213e-13	NA	5.67645007681824e-09	3.6543051612486e-10	NA	1.03779628286205e-18	9.03084836028014e-05	2.44099059086717e-09	2.0692124869737e-16	1.79799400756945e-05	NA	NA	NA	NA	2.91252473384447e-06
1	postsynapse	22	NA	0.0300121029893937	0.00821490095556748	8.10925484058688e-06	NA	1.27147646956325e-13	NA	2.98228156317996e-07	0.00646591879898667	2.11309534243405e-08	NA	NA	NA	1.03217540806217e-05	1.25286888487286e-07	0.000238118376612749	NA	0.00352652365968176	3.89020346518868e-06	0.000325841849449528	0.00429655924113146	NA	NA	5.09014579783341e-05	0.000588300980879783	NA	1.15748135543349e-14	0.000194497420200997	0.000806423953520279	0.00538967567927999	0.0340711616705525	0.011955107351158	NA
1	cell body	20	NA	0.0103284165110508	NA	0.000126994495338955	NA	5.66498765789196e-11	NA	3.80979796847685e-06	NA	0.00206667010498085	0.0271740769215686	NA	0.0210598598097873	5.66006940611961e-06	8.46626124810549e-07	0.0013294539462051	NA	0.00392644540604381	0.00103734790429253	0.00473852206958909	0.0177321535162963	NA	NA	0.00130772914794519	0.000192221853146511	0.0129384780347665	7.55803792935135e-08	0.00205471287540088	0.00552977801448534	NA	NA	NA	NA
1	synaptic membrane	19	0.00656371955181722	NA	0.000155690151980097	3.47681933059382e-06	NA	1.27147646956325e-13	NA	3.73455588713382e-09	0.0213427096375416	6.51115506564091e-10	0.000542718271328247	0.00591205204547782	NA	4.61292306754087e-10	4.16900349272411e-11	NA	NA	0.000151731458598777	1.42757084688933e-08	NA	0.00201869762107781	0.0161102856170679	NA	NA	1.34978221405373e-07	NA	2.6363570542937e-16	1.31730204220984e-06	NA	NA	0.00227158141620252	NA	NA
1	anchored component of membrane	19	NA	4.45427922211411e-05	8.81669588815342e-05	0.000339788174695745	NA	4.46895029666693e-05	NA	0.000144481523471167	NA	4.49422720429421e-07	NA	0.0357071123316283	0.000567317368478828	1.22401383654284e-09	NA	0.0013294539462051	1.93668773484261e-05	NA	5.36484051143317e-05	NA	0.000149010688513611	NA	NA	0.00986674663086348	2.60989787824831e-06	0.00353536489522441	9.22294532591157e-05	0.00999095567085578	2.74072272776115e-05	NA	NA	NA	NA
1	neuronal cell body	19	NA	0.00753741647308093	NA	0.000901908299979329	NA	1.35137114759326e-10	NA	8.66117862452271e-06	NA	0.00142990836817728	0.0271740769215686	NA	NA	7.25503537869868e-07	5.55540326405661e-07	0.00138538423254545	NA	0.000950681474420666	0.00117653993073641	0.00698944688869054	NA	0.0427521666172786	NA	0.00216234722021241	0.000808753705108932	0.009480777242353	7.55803792935135e-08	0.0164155204347486	0.00226018663650135	NA	NA	NA	NA
1	external side of plasma membrane	18	NA	5.94921834326026e-08	0.00272843894366415	2.31120331907811e-07	0.00876065906535224	2.77091989519391e-15	NA	4.55275012087478e-14	NA	5.25940119794534e-11	NA	NA	0.00047998156255485	2.23297261314561e-08	2.72124742450153e-12	NA	0.000690716660554983	6.11409362565078e-10	5.77437066829441e-06	NA	0.000447242967193972	NA	NA	3.08944278312129e-13	8.58993352528739e-05	0.00679792537379372	1.70584783442391e-08	NA	NA	NA	NA	NA	NA
2	endoplasmic reticulum lumen	17	0.0426019365741745	NA	NA	NA	9.37787438401685e-07	6.95471495874173e-12	NA	7.91600499239254e-07	0.00105736311677765	NA	0.00504858433136865	NA	0.0149327294480793	4.85259959913355e-07	NA	NA	NA	4.76832589720716e-09	3.88353718434295e-05	NA	0.000154134812357702	4.83536275305424e-07	NA	1.82664466832984e-10	NA	0.0139070730056069	5.93133692194579e-10	NA	NA	0.0306447915496745	NA	NA	1.70316512622388e-06
1	presynapse	17	NA	NA	0.00680334574556032	0.00200587351508977	NA	0.000115362505637935	NA	0.0164692612244933	0.000653645370991985	NA	0.0183413402278519	0.00708198958139063	NA	0.00170914337602285	6.00837468050869e-14	0.0140074435210741	NA	NA	0.000935807539138236	NA	0.00886205521393869	0.00255186222227617	NA	NA	0.000915705066729797	NA	6.79180548538278e-08	0.0266809237192163	7.60947220000507e-05	NA	NA	NA	NA
1	apical part of cell	16	NA	NA	0.0258726599090575	0.000127807300251816	0.00382402458277285	0.0089620414202406	NA	0.00453545160773577	NA	NA	NA	0.0215256196163813	NA	5.00177168818859e-05	NA	2.05182477343336e-07	0.0080553362906304	0.000633161206124916	0.000214327439782897	NA	NA	NA	NA	NA	0.00272435728947288	0.000213512528085093	NA	0.0293540305960311	NA	0.00182404310730553	NA	NA	0.000181433672431046
2	transmembrane transporter complex	15	NA	0.0242884882800163	0.000209195474099675	NA	NA	NA	NA	NA	NA	4.28267630009755e-13	NA	0.00256695308595448	0.00120009076387124	NA	1.2574589819113e-12	NA	6.66643519379596e-07	7.35132444237381e-06	NA	0.0158945052348347	NA	NA	NA	NA	NA	9.43562520214646e-10	NA	7.7594725535564e-11	3.23968823215711e-09	1.41298761337133e-06	0.00126820132365388	0.00819079987103917	NA
2	blood microparticle	14	NA	NA	0.0419031151375033	NA	3.44930791845237e-08	0.0202072968739532	NA	0.00576458606553976	NA	NA	NA	0.0450329001659274	0.00047998156255485	NA	NA	NA	1.49824437795332e-05	0.00103395855614101	NA	NA	NA	NA	0.000169344526389338	0.000746515126750549	2.37595334591191e-05	NA	2.30810798230327e-05	7.48790467682679e-06	NA	NA	0.0176078384666422	NA	NA
1	neuron to neuron synapse	14	NA	NA	NA	0.0034215852095419	NA	8.13976896950142e-09	NA	0.00167724510734643	NA	0.000239248532503324	NA	NA	NA	0.000155469682663458	0.024777202086012	0.0180161562860487	NA	NA	1.54690630432507e-06	NA	NA	NA	NA	0.00330520154090773	NA	0.0179541174059023	1.72524164046206e-07	0.024972214963923	0.0433574052729332	0.0021126417193088	NA	NA	NA
1	asymmetric synapse	14	NA	NA	NA	0.00493551018364341	NA	8.79558804269416e-08	NA	0.00220219651175342	NA	0.000292152964731325	NA	NA	NA	0.000128990862722468	0.0323944285688192	0.0213334434284256	NA	NA	2.42665553365885e-06	NA	NA	NA	NA	0.00275563818509	NA	0.0273537216925243	4.70715264732842e-07	0.0345608310696644	0.0372196961157338	0.00337031106388106	NA	NA	NA
2	side of membrane	13	NA	2.25430966330311e-05	NA	0.00156602865921076	NA	4.09792160046686e-11	NA	8.81549047823557e-11	NA	0.000292152964731325	NA	NA	0.0264932836984478	1.05010763593018e-05	2.51320717964045e-12	NA	NA	5.3416941938095e-05	0.00289987168683927	NA	NA	NA	NA	3.90239945070927e-07	0.000120324169070559	NA	0.000619848509188686	NA	NA	NA	NA	NA	NA
1	neurotransmitter receptor complex	13	NA	NA	NA	0.000816468130051795	NA	0.000150432521528648	NA	0.0123441478028208	NA	NA	NA	0.0418853238280567	NA	0.0204764988374594	0.00314024210745589	NA	NA	NA	0.0274833775754875	NA	NA	NA	NA	NA	0.00800938802315288	2.57308803158593e-05	0.00234239043016597	0.000763460702841228	0.0326407870163421	NA	0.00253754577455325	NA	NA
1	postsynaptic specialization membrane	13	NA	NA	NA	0.00134812613481546	NA	2.12289566782673e-06	NA	0.00139957916065876	NA	0.00773733209588841	NA	NA	NA	0.00151284385573845	NA	NA	NA	0.000267920347430087	0.00136673723366765	NA	NA	NA	NA	NA	0.0289851292542956	4.06319486986703e-05	4.35146386578512e-05	0.00111165542225956	NA	0.0179418109957496	0.0217110466953406	NA	NA
2	sarcolemma	13	NA	NA	NA	NA	0.0433944780818485	3.50039376152045e-11	NA	4.54432029558007e-10	NA	6.90509894120122e-17	0.00754842556072559	NA	NA	2.10674369684514e-05	NA	NA	NA	3.20736954637012e-05	NA	NA	0.0323489948705417	NA	NA	3.90239945070927e-07	9.03084836028014e-05	NA	1.04748184860261e-14	0.000763460702841228	0.00165870381753814	NA	NA	NA	NA
2	intermediate filament	12	NA	7.24764735741998e-09	7.06930581323151e-06	NA	NA	0.0144324856532354	NA	NA	0.0125150005024442	NA	NA	0.00384641054494134	NA	NA	0.00406129715989287	NA	0.0281023884806191	NA	NA	NA	NA	NA	NA	NA	NA	1.18815934346036e-11	0.000419947249184	3.75692660066956e-05	NA	0.000729458460041311	0.000115379026927432	NA	NA
2	excitatory synapse	11	NA	NA	NA	NA	NA	6.12170832388757e-06	NA	0.00139957916065876	NA	0.0253686179203406	NA	NA	NA	NA	0.0101452068216061	NA	NA	NA	0.00106187206929544	NA	NA	NA	NA	0.00542968153231973	0.00974671676857886	NA	4.23174400070328e-06	0.00628579288721928	0.0372196961157338	NA	0.00223525249814429	NA	NA
2	membrane raft	10	NA	0.0193134125605959	NA	0.00849745402110123	NA	3.2265908164216e-06	NA	0.000945788643960149	NA	0.000283506910412989	NA	NA	NA	7.38961054183466e-05	0.000315803700328099	NA	NA	0.00231550751737181	NA	NA	NA	NA	NA	1.64130590153338e-05	NA	NA	0.000335698092938143	NA	NA	NA	NA	NA	NA
2	complex of collagen trimers	10	NA	NA	NA	NA	NA	9.93705077656442e-08	NA	NA	0.0366844758198031	6.27497299684698e-05	NA	NA	NA	0.00701500728939832	NA	NA	NA	2.13611197228341e-06	NA	NA	1.83833795310154e-05	NA	NA	2.41505525564591e-08	NA	0.000140386837091263	1.15340001506573e-06	NA	NA	NA	NA	NA	0.00314153448971864
2	cornified envelope	9	0.00982890197696744	8.12639865177189e-09	0.00469547075452831	3.27202937083782e-05	NA	NA	NA	NA	NA	NA	NA	NA	NA	NA	NA	NA	0.00141469162708909	NA	NA	NA	NA	NA	0.018339114405893	NA	NA	3.9449256330608e-10	NA	0.000763460702841228	NA	NA	0.000161449469335384	NA	NA
2	dendritic spine	9	NA	NA	NA	0.00564775039279653	NA	3.04256667493532e-06	NA	0.0271000403193286	NA	0.0189156251169885	NA	NA	NA	0.0132164894016327	NA	0.0165183799616655	NA	NA	0.0052697779203043	NA	NA	NA	NA	0.0042994065450223	NA	NA	2.97994747175244e-05	NA	NA	NA	NA	NA	NA
2	sarcoplasm	9	NA	NA	NA	NA	NA	0.0076546650938247	NA	0.00287713282465089	NA	2.87112809902636e-05	0.0271740769215686	NA	NA	NA	NA	NA	NA	NA	NA	NA	0.00196177601241821	NA	NA	NA	0.00135420093744842	NA	1.64357337988829e-05	0.00111165542225956	NA	0.0306447915496745	NA	NA	NA
2	ion channel complex	8	0.0204254428376203	NA	NA	NA	NA	NA	NA	NA	0.0125150005024442	NA	NA	NA	NA	9.899187755085e-05	NA	1.80651421641873e-05	NA	NA	4.64604359826824e-07	NA	2.86865500623371e-06	1.4984071227802e-05	NA	NA	NA	NA	NA	NA	NA	NA	NA	0.00819079987103917	NA
2	postsynaptic density	8	NA	NA	NA	0.00634144526392086	NA	9.93705077656442e-08	NA	0.00669161550963683	NA	NA	NA	NA	NA	NA	NA	NA	NA	NA	7.71166349125055e-06	NA	NA	NA	NA	0.00330520154090773	NA	0.0239284882751219	1.71144546679074e-06	NA	NA	0.00275106604094238	NA	NA	NA
2	high-density lipoprotein particle	8	NA	NA	NA	NA	3.7859394071676e-09	NA	NA	NA	NA	NA	NA	0.00384641054494134	0.000827814195878101	NA	NA	NA	NA	NA	NA	NA	NA	NA	0.0160666785756308	0.00974530623128707	0.000816378291412999	NA	NA	0.000445608978986558	NA	NA	0.00382973869615393	NA	NA
2	Golgi lumen	7	NA	NA	0.00151088812242758	7.98572742025588e-06	NA	NA	NA	NA	NA	5.99121505868363e-06	NA	NA	NA	NA	NA	0.0161772513132066	0.0154673133238324	NA	NA	NA	NA	NA	NA	NA	NA	NA	NA	0.000318847403732343	0.0122393501391481	NA	NA	NA	NA
2	cation channel complex	7	NA	NA	NA	1.21808352905835e-09	NA	2.77091989519391e-15	NA	2.0313685042097e-12	NA	NA	NA	NA	NA	NA	NA	NA	NA	NA	4.64604359826824e-07	NA	NA	NA	NA	5.09014579783341e-05	1.31437085796328e-12	NA	2.98990492664251e-17	NA	NA	NA	NA	NA	NA
2	protein complex involved in cell adhesion	7	NA	NA	NA	NA	0.0276250766045874	0.000329449207063725	NA	4.60051998011674e-05	NA	0.00773733209588841	NA	NA	NA	0.00301443139630064	NA	NA	NA	NA	NA	NA	NA	NA	NA	0.000481141830129413	NA	NA	0.0361371874321261	NA	NA	NA	NA	NA	NA
2	contractile fiber part	7	NA	NA	NA	NA	NA	NA	NA	2.62767623336234e-10	NA	NA	NA	NA	NA	NA	NA	NA	NA	NA	0.000207189230390933	NA	NA	NA	6.69087833111662e-09	NA	4.44332736266552e-13	NA	1.03760203386842e-15	3.54848223236835e-06	0.00178851097645325	NA	NA	NA	NA
2	vesicle lumen	6	NA	0.0379843041912776	NA	NA	NA	NA	NA	0.000468663637853691	NA	NA	NA	NA	0.00337532953041389	0.0105009455693437	NA	NA	NA	0.00392644540604381	NA	NA	NA	NA	NA	NA	0.000120324169070559	NA	NA	NA	NA	NA	NA	NA	NA
2	apical plasma membrane	6	NA	NA	NA	NA	0.0194159593195376	NA	NA	NA	NA	NA	NA	NA	0.0147200052672219	NA	NA	5.03533585800432e-08	0.00312585445216498	NA	NA	NA	NA	NA	NA	NA	NA	NA	NA	NA	NA	7.45117112375963e-05	NA	NA	0.000748122861344771
2	distal axon	6	NA	NA	NA	NA	NA	0.000104820674851262	NA	NA	NA	NA	NA	NA	NA	0.000124766071038594	8.46626124810549e-07	0.0260490906837582	NA	NA	NA	NA	NA	NA	NA	NA	0.0211973420023124	NA	0.000371706034462021	NA	NA	NA	NA	NA	NA
2	sarcoplasmic reticulum membrane	6	NA	NA	NA	NA	NA	NA	NA	0.0245370633743272	NA	0.0002413923219099	NA	NA	NA	NA	NA	NA	NA	NA	NA	NA	0.00921890446722795	NA	NA	NA	0.000894548480496969	NA	0.00223365175411489	0.000763460702841228	NA	NA	NA	NA	NA
2	intermediate filament cytoskeleton	5	NA	1.46177923518492e-07	9.55870963930896e-05	NA	NA	NA	NA	NA	NA	NA	NA	0.0178605773889909	NA	NA	NA	NA	NA	NA	NA	NA	NA	NA	NA	NA	NA	1.01567829218582e-08	NA	NA	NA	NA	0.000456977974540108	NA	NA
2	fibrillar collagen trimer	5	NA	NA	NA	8.66307501763374e-05	NA	NA	NA	0.000325265444349269	NA	NA	NA	NA	0.000180963405193448	NA	NA	NA	NA	NA	NA	NA	NA	2.95012427039317e-05	NA	NA	NA	NA	NA	0.0179762679418648	NA	NA	NA	NA	NA
2	banded collagen fibril	5	NA	NA	NA	8.66307501763374e-05	NA	NA	NA	0.000325265444349269	NA	NA	NA	NA	0.000180963405193448	NA	NA	NA	NA	NA	NA	NA	NA	2.95012427039317e-05	NA	NA	NA	NA	NA	0.0179762679418648	NA	NA	NA	NA	NA
2	I band	5	NA	NA	NA	9.98374182971635e-05	NA	5.80001300350841e-07	NA	NA	NA	NA	NA	NA	NA	NA	NA	NA	NA	0.000633161206124916	NA	NA	NA	NA	NA	0.00216234722021241	NA	NA	NA	3.54848223236835e-06	NA	NA	NA	NA	NA
2	lipoprotein particle	5	NA	NA	NA	NA	3.52153100954337e-08	NA	NA	NA	NA	NA	NA	NA	0.0264932836984478	NA	NA	NA	NA	NA	NA	NA	NA	NA	NA	0.0144283957815693	0.00197103764890828	NA	NA	0.00224794007039769	NA	NA	NA	NA	NA
2	axon terminus	5	NA	NA	NA	NA	NA	NA	NA	NA	NA	NA	NA	0.0357071123316283	NA	NA	1.72751273968148e-11	NA	0.0290412440929318	NA	NA	NA	0.0056227772234404	0.00136462230640135	NA	NA	NA	NA	NA	NA	NA	NA	NA	NA	NA
2	postsynaptic membrane	5	NA	NA	NA	NA	NA	NA	NA	NA	NA	NA	NA	NA	NA	NA	NA	NA	NA	NA	NA	0.00131652408406605	0.00201869762107781	NA	NA	NA	NA	NA	NA	NA	2.74072272776115e-05	NA	0.00227158141620252	0.00819079987103917	NA
2	axoneme part	4	NA	NA	NA	0.000124730522135423	NA	NA	NA	NA	NA	NA	NA	NA	NA	NA	NA	NA	0.00123714586652707	0.00500343631409749	NA	NA	NA	NA	NA	NA	NA	NA	NA	NA	NA	NA	NA	0.0141413343310387	NA
2	plasma membrane receptor complex	4	NA	NA	NA	NA	0.0109011929030385	NA	NA	NA	NA	NA	NA	NA	NA	NA	5.1438135576014e-08	NA	NA	NA	1.08746624601411e-06	NA	NA	0.000579311510132663	NA	NA	NA	NA	NA	NA	NA	NA	NA	NA	NA
2	spanning component of membrane	4	NA	NA	NA	NA	NA	0.0315844834194467	NA	0.00779115404782725	NA	NA	NA	NA	NA	NA	NA	NA	NA	NA	NA	NA	NA	NA	NA	NA	NA	NA	0.0366647134588626	NA	NA	NA	0.0176078384666422	NA	NA
2	platelet alpha granule lumen	4	NA	NA	NA	NA	NA	NA	NA	0.000145024873660789	NA	0.0182036720540271	NA	NA	NA	0.00166421152505437	NA	NA	NA	2.69073326863299e-05	NA	NA	NA	NA	NA	NA	NA	NA	NA	NA	NA	NA	NA	NA	NA
2	platelet alpha granule	4	NA	NA	NA	NA	NA	NA	NA	0.000145024873660789	NA	NA	NA	NA	NA	NA	NA	NA	0.00125920846253778	NA	NA	NA	NA	NA	NA	0.000314318282922589	NA	NA	8.68859815130723e-07	NA	NA	NA	NA	NA	NA
2	cell-cell junction	4	NA	NA	NA	NA	NA	NA	NA	0.000232776775468791	NA	NA	NA	NA	NA	4.39234871339071e-06	NA	NA	NA	NA	0.0321692474846926	NA	NA	NA	NA	NA	NA	7.56368668405048e-07	NA	NA	NA	NA	NA	NA	NA
2	glycoprotein complex	4	NA	NA	NA	NA	NA	NA	NA	0.0249960080533154	NA	0.00117934382675121	NA	NA	NA	0.0231893567959996	NA	NA	NA	NA	NA	NA	NA	NA	NA	NA	NA	NA	0.000106243122302169	NA	NA	NA	NA	NA	NA
2	DNA packaging complex	4	NA	NA	NA	NA	NA	NA	NA	NA	4.97472588604055e-06	NA	NA	NA	NA	NA	NA	NA	0.000971673520531095	NA	NA	2.46920881429023e-06	0.000447242967193972	NA	NA	NA	NA	NA	NA	NA	NA	NA	NA	NA	NA
2	synaptic vesicle membrane	4	NA	NA	NA	NA	NA	NA	NA	NA	NA	NA	NA	0.0372045378773858	NA	NA	3.78400100319293e-08	NA	NA	NA	NA	NA	0.0056227772234404	NA	NA	NA	NA	NA	0.00390005165355438	NA	NA	NA	NA	NA	NA
2	exocytic vesicle membrane	4	NA	NA	NA	NA	NA	NA	NA	NA	NA	NA	NA	0.0372045378773858	NA	NA	3.78400100319293e-08	NA	NA	NA	NA	NA	0.0056227772234404	NA	NA	NA	NA	NA	0.00390005165355438	NA	NA	NA	NA	NA	NA
2	endocytic vesicle lumen	3	0.0126874869706287	NA	NA	NA	0.00382402458277285	NA	NA	NA	NA	NA	NA	NA	NA	NA	NA	NA	NA	NA	NA	NA	NA	NA	NA	NA	NA	NA	NA	NA	NA	NA	0.0243511573337474	NA	NA
2	neuron spine	3	NA	NA	NA	0.00663759268160694	NA	NA	NA	NA	NA	NA	NA	NA	NA	NA	NA	NA	NA	NA	0.00634836054399757	NA	NA	NA	NA	0.00506582000601586	NA	NA	NA	NA	NA	NA	NA	NA	NA
2	motile cilium	3	NA	NA	NA	0.0153720617549625	NA	NA	NA	NA	NA	NA	NA	NA	NA	NA	NA	NA	0.0167294965644986	NA	NA	NA	NA	NA	NA	NA	NA	NA	NA	NA	NA	NA	9.91426317510235e-05	NA	NA
2	plasma membrane bounded cell projection cytoplasm	3	NA	NA	NA	0.0153839479513077	NA	NA	NA	NA	NA	NA	NA	NA	NA	NA	NA	NA	NA	NA	NA	NA	NA	NA	NA	NA	NA	NA	NA	0.00223809599636748	NA	NA	0.000625107124560009	NA	NA
2	cytosolic ribosome	3	NA	NA	NA	NA	6.31441104215109e-05	NA	NA	NA	NA	NA	NA	NA	NA	NA	NA	7.75617574620936e-13	NA	NA	NA	NA	NA	NA	NA	NA	NA	NA	NA	NA	NA	NA	NA	0.0289579442533725	NA
2	axon	3	NA	NA	NA	NA	NA	8.02396157472788e-10	NA	NA	NA	NA	NA	NA	NA	1.21941316342083e-07	NA	0.00341667778266026	NA	NA	NA	NA	NA	NA	NA	NA	NA	NA	NA	NA	NA	NA	NA	NA	NA
2	tertiary granule membrane	3	NA	NA	NA	NA	NA	1.81843799798748e-07	NA	NA	NA	NA	NA	NA	NA	0.0164074527547236	NA	NA	NA	NA	NA	NA	NA	NA	NA	0.00589694991277771	NA	NA	NA	NA	NA	NA	NA	NA	NA
2	tertiary granule	3	NA	NA	NA	NA	NA	2.55865659130922e-06	NA	NA	NA	NA	NA	NA	NA	NA	NA	NA	NA	NA	NA	NA	NA	NA	NA	NA	4.11684284733154e-05	NA	NA	0.000934503836982287	NA	NA	NA	NA	NA
2	cell-cell contact zone	3	NA	NA	NA	NA	NA	6.35091344237916e-05	NA	NA	NA	NA	NA	NA	NA	NA	NA	NA	NA	NA	NA	NA	NA	NA	NA	0.0154783621546824	NA	NA	0.000353307242048592	NA	NA	NA	NA	NA	NA
2	cell leading edge	3	NA	NA	NA	NA	NA	0.00125409759900197	NA	NA	NA	NA	NA	NA	NA	0.0129647427911312	NA	NA	NA	NA	NA	NA	NA	NA	NA	NA	NA	NA	0.0148072255882421	NA	NA	NA	NA	NA	NA
2	neuromuscular junction	3	NA	NA	NA	NA	NA	0.0144324856532354	NA	NA	NA	0.0172098200982411	NA	NA	NA	NA	NA	NA	NA	NA	NA	NA	NA	NA	NA	NA	NA	NA	0.000903212282682284	NA	NA	NA	NA	NA	NA
2	guanylate cyclase complex, soluble	3	NA	NA	NA	NA	NA	0.0309235456688262	NA	0.00964351074606843	NA	NA	NA	NA	NA	NA	NA	NA	NA	NA	NA	NA	NA	NA	NA	NA	NA	NA	0.0140142145194588	NA	NA	NA	NA	NA	NA
2	main axon	3	NA	NA	NA	NA	NA	NA	NA	3.52915141449304e-05	NA	0.0105637050813886	NA	NA	NA	NA	NA	NA	NA	NA	NA	NA	NA	NA	NA	NA	NA	NA	NA	NA	NA	0.031940830124446	NA	NA	NA
2	nucleosome	3	NA	NA	NA	NA	NA	NA	NA	NA	2.79692443984492e-06	NA	NA	NA	NA	NA	NA	NA	NA	NA	NA	1.00502233619563e-06	7.99030148702136e-05	NA	NA	NA	NA	NA	NA	NA	NA	NA	NA	NA	NA
2	protein-DNA complex	3	NA	NA	NA	NA	NA	NA	NA	NA	0.024698582895061	NA	NA	NA	NA	NA	NA	NA	0.0290412440929318	NA	NA	0.00416706067384046	NA	NA	NA	NA	NA	NA	NA	NA	NA	NA	NA	NA	NA
2	sarcoplasmic reticulum	3	NA	NA	NA	NA	NA	NA	NA	NA	NA	0.000239248532503324	NA	NA	NA	NA	NA	NA	NA	NA	NA	NA	NA	NA	NA	NA	0.000308968022069663	NA	NA	0.000763460702841228	NA	NA	NA	NA	NA
2	sarcomere	3	NA	NA	NA	NA	NA	NA	NA	NA	NA	NA	0.0201452625346754	NA	NA	NA	NA	NA	NA	NA	NA	NA	NA	NA	6.69087833111662e-09	NA	NA	NA	NA	NA	0.00178851097645325	NA	NA	NA	NA
2	perikaryon	3	NA	NA	NA	NA	NA	NA	NA	NA	NA	NA	NA	NA	0.0224566215280416	NA	NA	NA	NA	NA	NA	NA	0.000141866511147836	NA	NA	NA	NA	NA	NA	NA	NA	0.0185391534324081	NA	NA	NA
2	dendritic tree	3	NA	NA	NA	NA	NA	NA	NA	NA	NA	NA	NA	NA	NA	8.42477756021494e-07	NA	0.00740397370762476	NA	NA	NA	NA	NA	NA	NA	NA	NA	NA	NA	NA	NA	NA	NA	NA	0.0385293992865104
2	axoneme	3	NA	NA	NA	NA	NA	NA	NA	NA	NA	NA	NA	NA	NA	NA	NA	NA	0.00123714586652707	NA	NA	NA	NA	NA	NA	NA	NA	NA	NA	0.000934503836982287	NA	NA	7.80571375829979e-05	NA	NA
2	juxtaparanode region of axon	3	NA	NA	NA	NA	NA	NA	NA	NA	NA	NA	NA	NA	NA	NA	NA	NA	NA	0.0308735103052227	NA	NA	NA	NA	NA	NA	NA	0.0137636248647101	NA	NA	0.00254788473952106	NA	NA	NA	NA
2	basal part of cell	3	NA	NA	NA	NA	NA	NA	NA	NA	NA	NA	NA	NA	NA	NA	NA	NA	NA	0.0336582130284813	NA	NA	NA	NA	NA	NA	NA	NA	0.0232262722198852	NA	NA	NA	0.033466025056534	NA	NA
2	condensed nuclear chromosome kinetochore	2	0.0273772641034865	NA	NA	NA	NA	NA	NA	NA	NA	NA	NA	NA	NA	NA	NA	NA	NA	NA	NA	NA	NA	NA	NA	NA	NA	NA	0.0135396628270082	NA	NA	NA	NA	NA	NA
2	basolateral plasma membrane	2	NA	0.00871925011120419	NA	NA	NA	NA	NA	NA	NA	NA	NA	NA	NA	NA	NA	NA	NA	NA	NA	NA	NA	NA	NA	NA	NA	NA	NA	NA	NA	NA	0.00227158141620252	NA	NA
2	secretory granule membrane	2	NA	0.0263843201977166	NA	NA	NA	NA	NA	NA	NA	NA	NA	NA	NA	NA	NA	NA	NA	NA	NA	NA	NA	NA	NA	NA	0.000808753705108932	NA	NA	NA	NA	NA	NA	NA	NA
2	cytoplasmic vesicle lumen	2	NA	0.0367269479781093	NA	NA	NA	NA	NA	NA	NA	NA	NA	NA	0.00474021491484536	NA	NA	NA	NA	NA	NA	NA	NA	NA	NA	NA	NA	NA	NA	NA	NA	NA	NA	NA	NA
2	cytosolic part	2	NA	NA	NA	NA	0.0194159593195376	NA	NA	NA	NA	NA	NA	NA	NA	NA	NA	2.87091270458336e-05	NA	NA	NA	NA	NA	NA	NA	NA	NA	NA	NA	NA	NA	NA	NA	NA	NA
2	site of polarized growth	2	NA	NA	NA	NA	NA	0.00057754477839439	NA	NA	NA	NA	NA	NA	NA	0.00351515761713102	NA	NA	NA	NA	NA	NA	NA	NA	NA	NA	NA	NA	NA	NA	NA	NA	NA	NA	NA
2	mast cell granule	2	NA	NA	NA	NA	NA	NA	NA	0.00552790594512737	NA	NA	NA	NA	NA	NA	0.000312242224532886	NA	NA	NA	NA	NA	NA	NA	NA	NA	NA	NA	NA	NA	NA	NA	NA	NA	NA
2	microvillus	2	NA	NA	NA	NA	NA	NA	NA	0.0232995416469712	NA	NA	NA	NA	NA	NA	NA	NA	NA	NA	NA	NA	0.00741942966773247	NA	NA	NA	NA	NA	NA	NA	NA	NA	NA	NA	NA
2	cell-cell adherens junction	2	NA	NA	NA	NA	NA	NA	NA	0.0249960080533154	NA	NA	NA	NA	NA	NA	NA	NA	NA	NA	NA	NA	NA	NA	NA	NA	NA	0.0222883054187631	NA	NA	NA	NA	NA	NA	NA
2	terminal bouton	2	NA	NA	NA	NA	NA	NA	NA	NA	0.000653645370991985	NA	NA	NA	NA	NA	NA	NA	NA	NA	NA	NA	NA	NA	NA	NA	NA	NA	NA	NA	NA	NA	0.00391223997848224	NA	NA
2	synaptic vesicle	2	NA	NA	NA	NA	NA	NA	NA	NA	0.00646591879898667	NA	NA	0.0372045378773858	NA	NA	NA	NA	NA	NA	NA	NA	NA	NA	NA	NA	NA	NA	NA	NA	NA	NA	NA	NA	NA
2	intercalated disc	2	NA	NA	NA	NA	NA	NA	NA	NA	NA	0.00118361320265615	NA	NA	NA	NA	NA	NA	NA	NA	NA	NA	NA	NA	NA	NA	0.0184934440377698	NA	NA	NA	NA	NA	NA	NA	NA
2	neuron projection terminus	2	NA	NA	NA	NA	NA	NA	NA	NA	NA	NA	0.00754842556072559	NA	NA	NA	NA	NA	NA	NA	NA	NA	NA	NA	NA	NA	0.00135420093744842	NA	NA	NA	NA	NA	NA	NA	NA
2	striated muscle thin filament	2	NA	NA	NA	NA	NA	NA	NA	NA	NA	NA	NA	0.00384641054494134	0.00753569395250244	NA	NA	NA	NA	NA	NA	NA	NA	NA	NA	NA	NA	NA	NA	NA	NA	NA	NA	NA	NA
2	cytosolic large ribosomal subunit	2	NA	NA	NA	NA	NA	NA	NA	NA	NA	NA	NA	NA	0.00582602776830761	NA	NA	NA	NA	NA	NA	NA	NA	NA	NA	NA	NA	NA	NA	NA	NA	NA	NA	NA	0.00169655662317061
2	postsynaptic specialization	2	NA	NA	NA	NA	NA	NA	NA	NA	NA	NA	NA	NA	NA	5.25068747954209e-05	NA	0.0196335153412676	NA	NA	NA	NA	NA	NA	NA	NA	NA	NA	NA	NA	NA	NA	NA	NA	NA
2	Z disc	2	NA	NA	NA	NA	NA	NA	NA	NA	NA	NA	NA	NA	NA	0.00266239626215219	NA	NA	NA	NA	NA	NA	NA	0.0429847095752465	NA	NA	NA	NA	NA	NA	NA	NA	NA	NA	NA
2	neuronal cell body membrane	2	NA	NA	NA	NA	NA	NA	NA	NA	NA	NA	NA	NA	NA	NA	NA	NA	NA	0.00392644540604381	NA	NA	NA	NA	NA	NA	NA	NA	NA	NA	0.0258360141412212	NA	NA	NA	NA
2	multivesicular body	2	NA	NA	NA	NA	NA	NA	NA	NA	NA	NA	NA	NA	NA	NA	NA	NA	NA	0.0158255118896214	NA	NA	NA	NA	NA	NA	NA	NA	NA	NA	NA	0.0306447915496745	NA	NA	NA
2	contractile fiber	2	NA	NA	NA	NA	NA	NA	NA	NA	NA	NA	NA	NA	NA	NA	NA	NA	NA	NA	NA	NA	0.00795320487370058	NA	6.69087833111662e-09	NA	NA	NA	NA	NA	NA	NA	NA	NA	NA
2	synaptic cleft	2	NA	NA	NA	NA	NA	NA	NA	NA	NA	NA	NA	NA	NA	NA	NA	NA	NA	NA	NA	NA	NA	0.0136378911235358	NA	NA	0.0318578565695037	NA	NA	NA	NA	NA	NA	NA	NA
