Cluster	Name	Number	ACC	BLCA	BRCA	CESC	CHOL	COAD	DLBC	ESCA	GBM	HNSC	KICH	KIRC	KIRP	LAML	LGG	LIHC	LUAD	LUSC	MESO	OV	PAAD	PCPG	PRAD	READ	SARC	SKCM	STAD	TGCT	THCA	THYM	UCEC	UCS	UVM
NA	NA	NA	4	73	89	104	64	162	2	155	51	133	28	54	56	83	104	108	60	125	82	65	85	95	22	128	96	89	138	86	88	47	52	13	NA
1	receptor ligand activity	30	NA	7.610856435097e-17	5.23203348286302e-18	1.6006277347608e-16	0.00245223095618046	3.86053534929721e-12	NA	7.16078347465564e-11	3.07985429291338e-13	3.27911648604328e-13	1.03752843848745e-06	2.28007353385318e-15	3.82664761697652e-21	0.000141099131159744	4.90749167754203e-08	1.13928566197186e-13	1.01757282997556e-06	2.65499476356434e-07	2.4243890910298e-09	7.48168183525272e-07	5.19228780701415e-05	1.53114321356369e-10	1.33568806091974e-08	3.90086554223826e-14	5.37318461487022e-18	1.25738399981722e-08	2.54904326149979e-16	2.60177206399781e-09	1.12658439459412e-11	3.59293082554756e-07	6.32848119196895e-12	NA	0.00230633635454424
1	receptor regulator activity	30	NA	1.11115554929362e-16	5.23203348286302e-18	1.00801338839905e-15	0.00543390556642843	1.6710390848812e-12	NA	7.54865067877096e-10	1.90201802650932e-13	1.57739531170526e-12	5.31091709643588e-06	2.28007353385318e-15	1.04948910546856e-20	4.95256970956881e-05	5.06683458891294e-07	5.90760821601042e-14	1.01757282997556e-06	4.03662522678074e-08	1.7562913801346e-09	1.07658107788198e-06	1.20873154834844e-05	1.39906715654517e-10	8.36587275412289e-08	3.49311694366342e-15	5.37318461487022e-18	9.72706283049319e-09	2.67244524684558e-17	1.15764199876832e-09	2.44948270163528e-11	4.24478184609513e-07	1.36805382876729e-11	NA	0.000288716118977851
1	G-protein coupled receptor activity	29	5.01835498693008e-05	0.000222064958087645	7.65091974159358e-07	2.1742632651594e-13	NA	6.54726041369754e-26	NA	1.82800359425661e-22	0.00199495204538187	9.81666864272937e-17	NA	0.000874549661505991	2.73314667452216e-07	4.05736557952157e-07	2.71836223262555e-19	0.00087037941515609	0.000359141970749834	3.16071255344814e-19	4.7459797830149e-05	NA	1.16390419041766e-10	8.83077440020288e-15	0.00103252980126724	8.26398305322424e-13	2.02016888502181e-08	1.06614034436877e-06	1.4457344320416e-25	6.86328706214484e-08	6.99649134113284e-05	6.66983479126144e-08	0.000105120956231063	0.00403749923146444	0.0404701096127099
1	channel activity	28	NA	8.58450476684275e-06	1.34644292298017e-10	1.73738810996077e-08	NA	4.72398133186082e-19	NA	1.75336752832237e-11	0.000331175255469711	1.33356357063795e-12	0.00557041329148967	1.88084042501947e-06	4.81450413204449e-07	5.56167955376188e-06	5.8020126881824e-21	1.02126785838115e-08	2.63646232142556e-07	2.87149729054433e-08	4.80314024277483e-08	0.00620064215737211	8.81823572286907e-11	3.75462339466638e-05	NA	1.20626905421306e-05	1.22655589096005e-11	1.25738399981722e-08	1.82610768006896e-15	4.43968478954686e-08	6.81939605511865e-13	3.59293082554756e-07	0.0126111839472155	0.00403749923146444	NA
1	passive transmembrane transporter activity	28	NA	8.58450476684275e-06	9.18609760746962e-11	1.73738810996077e-08	NA	4.72398133186082e-19	NA	1.75336752832237e-11	0.000331175255469711	1.33356357063795e-12	0.00557041329148967	1.23905267899026e-06	2.85210711463514e-07	5.56167955376188e-06	5.8020126881824e-21	1.02126785838115e-08	2.16291922746795e-07	1.41409922061637e-08	4.80314024277483e-08	0.00620064215737211	8.81823572286907e-11	3.75462339466638e-05	NA	1.20626905421306e-05	1.22655589096005e-11	1.25738399981722e-08	1.82610768006896e-15	4.43968478954686e-08	5.19184727798801e-13	3.59293082554756e-07	0.0126111839472155	0.00403749923146444	NA
1	hormone activity	28	NA	0.000127483457321315	2.6016049948974e-09	0.000404589417952284	NA	0.0129662302875445	NA	0.0176048890589244	7.41657119123072e-05	1.93934904011833e-06	0.0420643345359409	1.08921955636526e-09	3.18382515697455e-09	NA	0.0027134970162703	3.33432272724825e-07	6.47243079968185e-05	0.0022804183233498	0.00960583049350217	0.00500835049094219	0.000525030320264077	3.51263578387481e-09	3.71343532741901e-09	0.000190424910510649	0.00648447378013671	1.02124644878787e-05	0.000834172728925052	2.15097113991941e-05	9.57722433586202e-05	0.00906526788680992	0.0430369348409018	0.0175867101118014	NA
1	substrate-specific channel activity	28	NA	0.000153513907660809	1.57658706723509e-09	3.82445023748651e-09	NA	4.72398133186082e-19	NA	1.96509906142778e-11	0.00189453623697567	2.0102007411162e-12	0.00388651001075105	1.14862500280828e-05	9.16080758945195e-07	1.05394492834903e-05	5.66756427416385e-20	1.57733960819391e-08	2.16291922746795e-07	1.06158296330675e-08	4.59609611766654e-07	0.00837987017647157	5.00380732299437e-10	3.66683811148459e-05	NA	1.35060252225025e-05	8.30395028395433e-11	1.25738399981722e-08	1.82610768006896e-15	3.71566967118649e-08	1.20624136852645e-11	7.8059490601045e-07	0.016784415048053	0.00731420964020984	NA
1	ion channel activity	28	NA	0.000448877900965161	2.15391528141485e-09	2.56658634890186e-09	NA	4.72398133186082e-19	NA	1.75336752832237e-11	0.00143781260478384	2.20882362946553e-11	0.00388651001075105	2.45943845750983e-05	3.36698178180794e-06	2.57188505829621e-05	1.84237834261709e-19	1.53203666405311e-07	2.16291922746795e-07	1.04755207484598e-08	9.11229777526385e-07	0.0319102358871474	1.47664232389091e-09	1.65745188299277e-05	NA	2.08567931864528e-05	1.05552664159051e-10	1.14706017036658e-07	1.82610768006896e-15	1.30105264736859e-07	1.70209179803077e-11	3.59293082554756e-07	0.0151663008931608	0.0135965643973341	NA
1	glycosaminoglycan binding	28	NA	0.000749164136360224	0.00247917521516315	2.32025404107643e-12	1.64587654491035e-05	1.88215180268876e-24	NA	7.23758663103143e-16	7.06014540596924e-05	6.70535419859017e-14	0.00388651001075105	NA	0.0185461510649106	1.16989535883146e-07	5.42843483376555e-05	0.00547962206543721	0.000123200675731707	1.15531557510818e-18	0.000669882527816816	0.00837987017647157	4.44333571274162e-06	1.06801209244336e-05	NA	1.7805932173313e-21	6.09826458848726e-06	1.34406307026743e-08	2.54904326149979e-16	0.0146622211804386	0.00857508887889012	0.00135442895168441	0.000558698383851997	NA	0.00230633635454424
1	heparin binding	28	NA	0.00217391702499258	0.00403148110247165	4.46564554720731e-10	1.47341632036286e-05	9.72997890101347e-22	NA	1.63195351134011e-14	0.000634162480689785	4.98561648104127e-12	0.0165815141237546	NA	0.01233691996402	1.49488103425817e-07	0.00110139423774683	0.0188086101174125	1.01757282997556e-06	1.33851890387672e-15	0.000136958038756481	0.0332749337406834	1.90036043356026e-06	8.62292338958204e-05	NA	3.14734838559873e-19	0.000850590238611992	5.19290218722828e-07	3.46471751482837e-15	0.0140461964942612	0.0344439586448919	0.00071380432200108	0.000883367682875992	NA	0.00230633635454424
1	cytokine activity	27	NA	8.73223949267829e-09	2.15391528141485e-09	1.71989463820836e-08	0.0259321648195748	0.000205372056520599	NA	1.03139068345035e-08	2.39052726880616e-08	1.31043303727695e-06	4.62209710959499e-05	1.0896043350073e-05	1.25382508701008e-09	0.000986642649326625	6.46564366331453e-06	2.69976736492455e-05	0.0317127734409653	0.0135730396240789	2.02647361504239e-05	0.000296001609232985	NA	NA	0.0194058101898745	1.14653415892807e-07	1.22655589096005e-11	0.00310548258445012	1.19130600357505e-06	1.45578589634008e-07	0.000156797221412086	0.00246522250505105	6.84743203119407e-09	NA	NA
1	G-protein coupled receptor binding	27	NA	0.000103599860688199	2.53740593982834e-08	2.62736309680466e-05	NA	2.5178567922144e-05	NA	0.000412230685152029	9.87631976802873e-06	0.00138843448494553	0.00388651001075105	9.16999121463376e-06	9.95600851015688e-10	0.000572296794405048	0.00010129150641084	0.00154944439064873	0.0333582547874778	0.000658630994491514	9.00731740111421e-05	0.000799837806419461	NA	0.00610551729822657	0.0251907632330917	5.20839642454097e-06	1.63361914112561e-05	0.0039251715835325	1.05293146831942e-06	0.0236511149618836	0.00107172130614548	0.000509189235513398	1.34990879468812e-05	NA	NA
1	gated channel activity	27	NA	0.000373456072441497	3.19141469563311e-08	1.03049208704284e-09	NA	7.03607436139382e-17	NA	1.96509906142778e-11	0.00142197674761535	6.80749570558387e-12	0.00710229514286159	9.16999121463376e-06	4.87835034249487e-06	9.14651582828843e-05	8.42087590199601e-22	9.23594751735266e-07	2.16291922746795e-07	1.04755207484598e-08	4.28732094908373e-08	0.0293337615268554	8.98218946204437e-08	2.36214493579111e-06	NA	8.5212696762874e-05	1.57302478880192e-10	7.25459721522577e-07	3.77276412733486e-13	4.43968478954686e-08	4.4417522977352e-11	8.62045779517131e-09	NA	0.00403749923146444	NA
1	ion gated channel activity	27	NA	0.000564591562250941	9.18072599247956e-08	3.25611604709154e-09	NA	9.21377029153764e-17	NA	2.74965155446669e-11	0.00123167899406855	2.20882362946553e-11	0.00642514445299466	1.0726612204059e-05	6.50278563013137e-06	7.39586319140122e-05	7.15860267814483e-22	1.03188826138484e-06	2.16291922746795e-07	1.54285742148413e-08	4.80314024277483e-08	0.0268006867016071	2.72447062905771e-07	3.92105770946748e-06	NA	0.00012497501591872	1.70557906348764e-10	5.66685194567558e-07	4.2824356186505e-13	6.86328706214484e-08	2.39954206355374e-10	8.62045779517131e-09	NA	0.00403749923146444	NA
1	metal ion transmembrane transporter activity	27	NA	0.00156524094029091	1.57658706723509e-09	1.70579969256383e-05	0.0345682880496765	1.99048479885633e-13	NA	3.71599198335558e-10	NA	2.07158979299332e-06	0.00388651001075105	0.000181284092767597	0.000253671914412443	0.0108982190127981	1.58353843117402e-11	5.90760821601042e-14	3.23862196532253e-07	5.00375984166057e-06	0.000116456366986339	0.0065570939117617	0.000253965616328085	0.000364547989672995	NA	1.24310341059962e-05	1.4855681746851e-09	2.21704952577641e-07	2.71360598953208e-10	1.7430464325254e-06	1.20653939595715e-11	0.000509189235513398	NA	0.0437932887945436	NA
1	cation channel activity	27	NA	0.00625267140142087	1.61751590734032e-07	2.21117782341527e-09	NA	8.87166685365923e-19	NA	2.32035483059416e-14	0.0144583372183872	1.60286255719433e-11	0.0115804501333628	0.000599420634010792	6.97698779465347e-05	7.5295221878864e-05	2.71836223262555e-19	3.96684258826568e-09	2.99198982835575e-07	1.04755207484598e-08	3.29879291532887e-07	0.00620064215737211	4.48282439844643e-07	2.36214493579111e-06	NA	4.92335789530081e-07	9.16702722116925e-10	1.25738399981722e-08	5.5817135384636e-17	2.04235442923831e-06	8.10367445979644e-09	3.59293082554756e-07	0.0144660932254663	NA	NA
1	peptidase inhibitor activity	26	0.012329044584159	9.72955616851343e-06	5.38300227732229e-06	0.00013445665518877	0.00160671580897515	0.000640885677672314	NA	0.000407377828517514	5.44329352703486e-05	4.48475478700325e-05	NA	0.000874549661505991	3.36698178180794e-06	0.0388939968387065	0.00751618971687091	0.0121529467790153	0.00139549741743255	0.000117684686594164	0.000311173120686333	0.00548197437490443	0.00139406372461056	NA	0.0138892423247582	0.000337809487170113	4.31590847548336e-05	NA	0.000140162811420706	0.0287200544504122	0.0023400023309812	NA	0.00562755242115996	NA	NA
1	ligand-gated ion channel activity	25	NA	0.00521265273085222	5.15063273064407e-05	0.0001510414556904	NA	3.27371696130815e-05	NA	0.00052778995175754	9.50725878543267e-05	0.000872864248259351	0.00258514939479085	0.000411301280544415	0.0219618409383805	0.00797112005418875	7.72749916634284e-11	0.000920609088513445	0.00318687578452529	6.68280485478035e-06	0.000161309326583821	0.032475959855029	0.00341128180001967	0.000169452362282494	NA	NA	0.000211806851010237	0.00250769647420909	7.75918398646822e-05	9.71085519537841e-05	0.00125731316505738	0.0177982086070727	NA	NA	NA
1	ligand-gated channel activity	25	NA	0.00521265273085222	5.15063273064407e-05	0.0001510414556904	NA	3.27371696130815e-05	NA	0.00052778995175754	9.50725878543267e-05	0.000872864248259351	0.00258514939479085	0.000411301280544415	0.0219618409383805	0.00797112005418875	7.72749916634284e-11	0.000920609088513445	0.00318687578452529	6.68280485478035e-06	0.000161309326583821	0.032475959855029	0.00341128180001967	0.000169452362282494	NA	NA	0.000211806851010237	0.00250769647420909	7.75918398646822e-05	9.71085519537841e-05	0.00125731316505738	0.0177982086070727	NA	NA	NA
1	sulfur compound binding	25	NA	0.0102279724114819	0.0390213632190264	1.35304423458535e-08	1.78532134800724e-05	1.21466887213841e-15	NA	9.00939918711138e-10	0.0140710674933679	2.94550264754154e-11	0.00642514445299466	NA	NA	1.16989535883146e-07	0.00651055644319385	0.0157686248820227	2.45921083776332e-05	7.23743042065932e-11	0.00601568706694004	NA	0.000863375804779032	0.00231090644988207	NA	3.84969648245454e-14	0.0387260135590071	0.000169985798993927	3.22858170945442e-10	NA	0.0355832827145854	0.0157622467018642	0.00375734461480194	NA	0.00650833399470932
1	neurotransmitter receptor activity	24	0.000347789216473486	NA	0.000612525529235922	7.2527852445189e-06	NA	1.21952605251543e-05	NA	0.00280807273130585	0.00108644825652241	0.000100148453110548	NA	0.00381025970961833	NA	NA	8.87641839530728e-06	0.00879186993617352	0.00245038946586851	8.67779869172137e-06	0.00381739213515679	4.86555605774376e-05	0.00524054277497479	1.41853875679403e-06	NA	NA	2.15961306922423e-05	0.0102432991051021	4.19027798040531e-05	1.49201418478968e-06	0.000640683484845374	0.000907407960550916	0.0017785543433973	0.00452089499690333	NA
1	monovalent inorganic cation transmembrane transporter activity	24	NA	0.0224271261994763	4.21595851730075e-05	0.0028057138452829	NA	6.56732060155163e-08	NA	1.370912615343e-07	NA	0.000123553171399968	NA	4.16085524396544e-05	0.000178923998916323	NA	6.24950048122875e-09	1.08956905648195e-09	9.07293685080372e-05	0.000283352389820847	0.000189410300453931	0.0137778161890549	0.000791667753753383	0.00382651304534236	NA	8.5212696762874e-05	1.83797883028073e-05	1.02179652419414e-05	2.4319460997834e-05	0.00525690572693319	2.72250598689758e-06	0.0177982086070727	0.0420861193471107	NA	NA
1	cytokine receptor binding	23	NA	4.24692169778508e-06	0.000102003759964939	0.000206700985154085	NA	0.00179373064915367	NA	0.00357515559264736	6.63102455212637e-05	0.00134868839860389	0.00388651001075105	0.000271429169020866	2.28739759172832e-06	0.00303253102391867	0.000682131120722532	0.00991551155180532	NA	NA	9.47040960257451e-05	0.0150221264279143	NA	NA	NA	3.87489737269702e-05	7.79572743068571e-06	0.0374337649637125	0.00188335704679213	0.00159710267210945	0.0171234618565679	0.0140771028298772	0.000883367682875992	NA	NA
1	endopeptidase inhibitor activity	23	NA	8.58450476684275e-06	1.37039069807996e-05	0.00119046914210434	0.00543390556642843	0.00170885244302424	NA	0.00052778995175754	6.63102455212637e-05	0.000379460717787503	NA	0.0156246850895485	3.17610427320701e-06	NA	0.0137337051404044	0.042324721408698	0.0138397034897496	0.000233087549911535	0.000718540266176533	0.00687610025015274	0.00692445596618202	NA	0.0145982083945363	0.0115237776016185	9.4434543083553e-05	NA	0.000117810464918342	NA	0.01046051763685	NA	0.0120360512147268	NA	NA
1	voltage-gated ion channel activity	23	NA	0.0343792019853048	0.0005150307307924	5.23377830292997e-05	NA	2.91003853514536e-11	NA	1.00316430378018e-08	NA	2.31807526270376e-09	NA	0.00161451701755267	0.01233691996402	0.00122341517339118	1.87004689226939e-14	4.04683592552253e-05	6.14179855216804e-06	0.000200136319989335	0.000314926642359463	NA	0.000863375804779032	0.00188399737427479	NA	4.25367683297353e-06	2.96813133487428e-06	2.55697415229739e-07	1.29242342019805e-09	0.00116458218363167	6.99649134113284e-05	9.42585492978152e-06	NA	NA	NA
1	voltage-gated channel activity	23	NA	0.0343792019853048	0.0005150307307924	5.23377830292997e-05	NA	2.91003853514536e-11	NA	1.00316430378018e-08	NA	2.31807526270376e-09	NA	0.00161451701755267	0.01233691996402	0.00122341517339118	1.87004689226939e-14	4.04683592552253e-05	6.14179855216804e-06	0.000200136319989335	0.000314926642359463	NA	0.000863375804779032	0.00188399737427479	NA	4.25367683297353e-06	2.96813133487428e-06	2.55697415229739e-07	1.29242342019805e-09	0.00116458218363167	6.99649134113284e-05	9.42585492978152e-06	NA	NA	NA
1	potassium ion transmembrane transporter activity	23	NA	NA	2.79961811878668e-05	5.9342318709029e-05	NA	4.06493054833205e-09	NA	6.59956854059064e-11	NA	2.10058688544739e-06	NA	0.00214908932634608	0.000108571718411439	NA	4.56513330702239e-11	0.000193330118773436	3.40129460411992e-05	1.15571278059578e-05	0.00960583049350217	0.00961754242044718	0.000791667753753383	0.000623565296197085	NA	2.57748434294336e-06	2.16566547064884e-06	1.73632392836858e-05	1.74016364359483e-09	0.0193448234995699	3.14243530254063e-07	7.14882435019284e-05	0.0144660932254663	NA	NA
1	potassium channel activity	23	NA	NA	2.92723158717508e-05	6.43345113890545e-06	NA	1.40670040505381e-09	NA	2.72718889902493e-09	NA	5.06541087373921e-07	NA	0.0439494959148496	0.00165451294908007	0.0197584873669157	1.87004689226939e-14	0.000756373801790994	0.000123200675731707	1.99553786884946e-05	0.00509260378206548	NA	0.000525030320264077	0.000743757614893983	NA	0.000232979557919243	2.32655533252224e-06	0.000335893989679114	5.83134415105653e-08	0.0085892483568938	1.43807952399368e-06	3.67822458398201e-05	0.0287254383917863	NA	NA
1	extracellular ligand-gated ion channel activity	23	NA	NA	0.00248535822308407	0.00021313918188676	NA	0.000327479513548605	NA	0.0181159904106701	0.00105213151443783	0.00298487796827418	NA	0.010573913486638	0.00425516436974412	NA	6.06053299770617e-08	0.0111331526705429	0.0148298011397523	0.00310509587255812	NA	0.00804197924803731	0.0386379596679787	0.000739730023827778	NA	NA	0.0150104489327381	0.0209292107430323	0.00149821588399126	0.000222674341590382	0.00653975232623618	0.0140771028298772	0.00517960025405423	0.0396667648002578	NA
1	serine-type endopeptidase activity	22	NA	2.76793622101637e-07	0.000150295323668041	NA	0.0110835275011936	0.0149701093651457	NA	0.000392186724524003	0.00787855292786969	NA	NA	0.0001748543291239	1.09638706622506e-07	1.2193777821366e-06	0.000516910139579347	0.000679137655211842	0.000765826541207654	0.000286544236756853	NA	0.00264219351031833	1.61019067756792e-06	0.0050088091428965	NA	0.00966836018237753	5.79189908154253e-08	0.0117084908371283	0.0214486171840959	NA	0.000689525030521575	NA	0.00705932202458091	NA	NA
1	serine-type peptidase activity	22	NA	5.50865295016679e-07	0.000836753264350755	NA	0.0116832143676116	0.00973534108699246	NA	7.30000129422953e-05	0.0418359016805492	NA	NA	0.000904199105600054	6.26386496262663e-07	1.49488103425817e-07	0.0024436871669072	0.00976245738751728	0.0037255948554919	0.000155836438044286	NA	0.00668642401807622	1.20873154834844e-05	0.00232088228167379	NA	0.00393772517978534	1.11829175447832e-07	0.00619445790224105	0.00484249507962467	NA	0.000946062574560105	NA	0.0017785543433973	NA	NA
1	endopeptidase regulator activity	22	NA	2.09726221420039e-05	4.59025059884621e-05	0.00107308546015051	0.00775105095540637	0.00174674751965052	NA	0.000543875761377851	5.40923128148008e-05	0.000434270382088344	NA	0.0295652585209329	1.76185867452325e-06	NA	0.0244352200291407	NA	0.0233570133628207	0.000200136319989335	0.000621477201606139	0.00946913780245905	0.00738565117170152	NA	0.023078263998824	0.0105530862720737	0.000318090789478327	NA	0.000169862614899125	NA	0.01828177841984	NA	0.00483665562069547	NA	NA
1	peptidase regulator activity	22	NA	0.000100919930179811	0.000154125690892393	0.000320964582918912	0.00386611927342806	8.15393504443986e-05	NA	0.000543875761377851	6.63102455212637e-05	0.000135398962231701	NA	0.00427328294731439	1.82836783653001e-05	0.0270801080067622	0.0192224445811926	NA	0.015552484197955	0.000274708533577673	0.00495425739205719	0.00629879343507891	0.00391199959415626	NA	NA	9.13966342465831e-05	0.000229821357075306	NA	0.000254384769934753	NA	0.025184008499914	NA	0.0126111839472155	NA	NA
1	G-protein coupled peptide receptor activity	22	NA	0.00625267140142087	0.0024364124944552	0.00148555094130691	NA	6.86309683677042e-11	NA	1.95992833891941e-14	NA	6.51140778863062e-07	NA	NA	0.0032068391962027	0.0140668401684197	3.58323209264324e-10	0.00689264756621751	0.000599128147640193	4.23386987509944e-11	NA	NA	1.31942453692285e-05	3.75462339466638e-05	NA	6.60103759224177e-05	0.000717555259089432	0.00268001931830119	9.7396546456423e-12	0.000222674341590382	0.0047962236537513	0.00128879519721324	NA	NA	0.0404701096127099
1	peptide receptor activity	22	NA	0.00692671223793959	0.00273309883205413	0.00167487594394042	NA	9.70508535784998e-11	NA	2.32035483059416e-14	NA	8.64230211278357e-07	NA	NA	0.00369031743092172	0.0155787643342311	4.70857699819678e-10	0.00411863585336564	0.000676188835035391	4.76693859375591e-11	NA	NA	1.59323882231047e-05	4.29848419706458e-05	NA	7.50282483921762e-05	0.000861717873315732	0.00281760680033879	3.77713909532788e-12	0.000242001963528058	0.00529561914724167	0.00135442895168441	NA	NA	0.0404701096127099
1	serine hydrolase activity	21	NA	4.93158850909309e-07	0.00086661472466263	NA	0.0148295745490645	0.0148604087576496	NA	0.000142020384953469	NA	NA	NA	0.000423524707699095	1.25931910063731e-06	2.28602520897227e-07	0.0037060953756982	0.00693444726592264	0.00284681403724364	0.000211481509429482	NA	0.00837987017647157	2.4144929361934e-05	0.0016282267163539	NA	0.0060503115254858	6.19979623447641e-08	0.00806447362604281	0.00801177624831567	NA	0.00125216521644369	NA	0.00275805193456601	NA	NA
1	growth factor activity	21	NA	0.00136360953346676	0.00766594990849842	1.15648353095254e-09	NA	2.08093377979072e-07	NA	0.000108041379231865	NA	0.000434270382088344	0.0329029772576417	0.000533926219290142	0.0106712708351649	NA	NA	0.000281543044196371	0.00115867176076422	0.00209763815346191	0.00250894751260663	NA	0.0260216934570156	0.0206713785208811	NA	6.93662230381248e-05	3.28185181243213e-07	NA	2.27967330724301e-07	NA	0.00107172130614548	NA	0.00375734461480194	NA	0.0165890527455528
1	enzyme inhibitor activity	21	NA	0.00190793832880944	0.00230881473944695	0.00222621715709277	0.0027484117376613	0.0346919174956043	NA	0.0226083001325738	0.00384666547317479	0.000903319460183102	NA	0.00210305526972886	0.000172678148778423	NA	NA	NA	0.0277380998610695	0.000363477226625937	0.001041690049001	NA	0.0304814932977182	NA	0.0203864792448968	0.00393772517978534	2.15961306922423e-05	NA	0.0234366887242726	0.0419628325249642	0.0187049122829536	NA	0.013745246133406	NA	NA
1	voltage-gated cation channel activity	21	NA	NA	0.000410633346400093	5.9342318709029e-05	NA	2.35840105872004e-08	NA	3.25149830156564e-07	NA	5.50014718704098e-10	NA	0.0295652585209329	NA	0.00797112005418875	3.7552363338347e-14	7.08626078104226e-05	4.38170031920188e-05	6.61532382880097e-05	0.00562717586982126	NA	0.000962422544515	0.00453291526590194	NA	0.00252541913692453	7.2962548485984e-07	2.36483439784778e-05	1.09686815361123e-08	0.000222674341590382	0.000763630538727138	0.000673284332286737	NA	NA	NA
1	ligand-gated cation channel activity	20	NA	NA	0.000666414912212701	0.00021313918188676	NA	7.77575833936892e-05	NA	0.000396057662659316	0.00890572737344456	0.014227217446673	0.022455619763741	0.000874549661505991	NA	NA	2.64925590741805e-06	0.000204423072250043	0.00864915926140504	3.42656723101246e-05	0.000406074302881858	0.015994002591007	0.00692445596618202	0.00292975264570013	NA	NA	0.00407808065689919	0.00425863906584805	0.00142381937817956	0.0122586213617804	NA	NA	NA	NA	NA
1	extracellular matrix structural constituent	19	0.00221780755843083	NA	0.000504453898955242	6.47671479841399e-09	NA	8.89249921333776e-17	NA	2.53523194889099e-09	NA	1.23894751251951e-10	NA	NA	0.00134244074243097	1.68563687766051e-06	0.000622352104415568	NA	NA	1.07674619223297e-15	4.7459797830149e-05	NA	2.4360971632477e-09	5.86377368043772e-06	NA	1.7805932173313e-21	0.00253927148924858	1.02124644878787e-05	1.15626728820896e-13	0.000208418949398752	NA	NA	NA	NA	0.00143246866309064
1	sodium ion transmembrane transporter activity	19	NA	0.00202981454558574	0.000780903042935524	0.00940729985946437	NA	3.25502292917016e-07	NA	4.0819635554368e-06	NA	NA	NA	0.00130901667871893	0.0158232000809534	NA	NA	1.34393662488487e-10	0.000146846055853497	0.000778175911327151	0.0005011456162166	NA	0.037850680321629	NA	NA	3.87489737269702e-05	0.0111648613940382	2.75110163663301e-06	0.000118524479139792	0.0113405893031562	0.000156797221412086	NA	NA	NA	0.00976469892420653
1	voltage-gated potassium channel activity	19	NA	NA	0.000187186428941028	0.000244178988397363	NA	3.5387321727524e-06	NA	7.27426888620343e-07	NA	5.06541087373921e-07	NA	NA	NA	NA	5.12729283139941e-12	0.00259704407554079	0.000148755940512894	0.000363477226625937	0.0116118329462178	NA	0.0116367482202811	0.00154973382675499	NA	0.00144016334955992	1.50056957934401e-06	0.00310548258445012	9.78510965782092e-07	NA	0.0068699218130335	0.000673284332286737	0.0288172657407831	NA	NA
1	transmitter-gated ion channel activity	19	NA	NA	0.00210393807146618	0.000696151469464456	NA	0.000713342988166763	NA	0.0397468609751072	0.00629387341045073	0.0114968007795832	NA	0.0239156660784392	NA	NA	1.10070316768911e-05	0.031075728516269	0.0349357572454679	0.0236734061675424	0.0182766905893868	0.00620064215737211	NA	0.0150892897482516	NA	NA	NA	0.00269703097921163	0.00487694185159229	0.000222674341590382	0.0148423810390036	NA	0.0252246429558385	NA	NA
1	transmitter-gated channel activity	19	NA	NA	0.00210393807146618	0.000696151469464456	NA	0.000713342988166763	NA	0.0397468609751072	0.00629387341045073	0.0114968007795832	NA	0.0239156660784392	NA	NA	1.10070316768911e-05	0.031075728516269	0.0349357572454679	0.0236734061675424	0.0182766905893868	0.00620064215737211	NA	0.0150892897482516	NA	NA	NA	0.00269703097921163	0.00487694185159229	0.000222674341590382	0.0148423810390036	NA	0.0252246429558385	NA	NA
1	chemokine activity	18	NA	1.83440005120099e-06	2.07814573387412e-06	0.0278435007151691	NA	0.0386930358148756	NA	0.0272990840418353	5.30042856023856e-08	NA	NA	0.00214908932634608	5.24391190204339e-08	0.0076187170183872	0.000679476763946444	0.0372797188045817	NA	NA	0.000914151008462129	0.00548197437490443	NA	NA	NA	3.49998420230691e-05	5.50456423615519e-06	NA	0.00777245095121431	0.000552271142416707	NA	NA	0.00018011700842449	NA	NA
1	chemokine receptor binding	18	NA	9.72955616851343e-06	1.54742611828622e-05	0.0028057138452829	NA	0.0378575745905304	NA	NA	9.23013698920382e-07	0.0208598793884034	NA	0.00241934343181366	9.16080758945195e-07	0.0117598210157866	0.00189929814629861	0.037839163939081	NA	NA	0.00189758881900015	0.0126612588008326	NA	NA	NA	0.000141783726512699	9.85135364804698e-05	NA	0.0325883723097229	0.00159710267210945	NA	NA	0.000665295322267895	NA	NA
1	serine-type endopeptidase inhibitor activity	17	NA	1.0358026681887e-06	0.000612525529235922	0.000836952397615347	0.00799329100487696	0.00182916921492291	NA	0.0195659824666611	0.00152100727514315	0.0285143116893853	NA	NA	NA	0.00336662995700397	NA	NA	0.0260034590166988	0.0275722867384436	NA	0.00548197437490443	0.0161040274978406	NA	0.0470893732370944	6.60103759224177e-05	0.00154555382265957	NA	0.00138085941155564	NA	NA	NA	NA	NA	NA
1	hormone binding	17	NA	0.00811454145030729	0.0260403094314604	NA	NA	NA	NA	NA	0.0165097771224579	0.00436754831044414	NA	NA	NA	NA	0.00110403798932029	0.000269073273387259	0.0121427061820655	0.0161733470329355	0.014035004835272	NA	0.00291551878255653	8.34158937434978e-06	NA	NA	NA	0.0178787320170738	0.00158628691331163	0.0246631314097017	0.000503628933722548	0.0177982086070727	0.00173237612785421	NA	NA
1	excitatory extracellular ligand-gated ion channel activity	17	NA	NA	0.0241843866464153	0.000111583533875182	NA	8.81709056407954e-06	NA	0.00109889175469696	NA	0.0137476653834474	NA	NA	NA	NA	0.00152059126422913	0.00526492756963761	NA	0.00474436388174165	0.0337909374321021	0.0126612588008326	0.0130887399835962	0.00214110396270449	NA	NA	0.0385071964267563	0.00907114793972231	8.19456516716719e-05	0.00675437142909143	NA	NA	0.0220901451502622	NA	NA
1	cytokine receptor activity	16	NA	0.0114363557928131	NA	0.018846690911383	NA	2.76428379786313e-05	NA	2.22708929737531e-08	NA	0.00126896217538424	NA	NA	NA	0.0102456931599011	3.08170877161057e-06	0.00563447751323628	NA	0.00119304563282724	0.00187783377395741	NA	0.00619474656502061	0.0147888315938688	NA	0.0018670553709893	0.0103155015851983	0.0117349378663582	0.0165690275309122	NA	NA	NA	NA	NA	NA
2	neuropeptide receptor activity	15	NA	0.00210198205030053	0.000226114942847633	0.0335957977279568	NA	0.000125767836231859	NA	8.19828664837762e-05	NA	0.0132821919047735	NA	NA	NA	NA	0.0023634949786086	0.00769192616134276	0.0041530606261957	3.10466735630864e-08	NA	NA	NA	0.00658235946989661	NA	NA	0.00022723166436649	NA	0.00175305265616597	0.00238296571290615	0.0178657364919421	NA	NA	NA	NA
1	neurotransmitter receptor activity involved in regulation of postsynaptic membrane potential	15	NA	NA	0.00180938454887041	0.000168937490282367	NA	1.69370553938136e-05	NA	0.00789285940802599	0.0035819975488125	0.0132821919047735	NA	NA	NA	NA	0.00136328824285537	NA	NA	0.0350252545107432	0.00304344073491324	NA	0.0348413330306725	0.0232289968968926	NA	NA	NA	0.0244475421264831	0.000621119415495328	0.000676711097243529	0.0252873553811156	NA	NA	NA	NA
1	transmitter-gated ion channel activity involved in regulation of postsynaptic membrane potential	15	NA	NA	0.00180938454887041	0.000168937490282367	NA	1.69370553938136e-05	NA	0.00789285940802599	0.0035819975488125	0.0132821919047735	NA	NA	NA	NA	0.00136328824285537	NA	NA	0.0350252545107432	0.00304344073491324	NA	0.0348413330306725	0.0232289968968926	NA	NA	NA	0.0244475421264831	0.000621119415495328	0.000676711097243529	0.0252873553811156	NA	NA	NA	NA
1	postsynaptic neurotransmitter receptor activity	15	NA	NA	0.0036098382943153	0.000238787841918671	NA	2.9321990612827e-05	NA	0.0127193311578899	0.00509849513899842	0.00757839661175378	NA	NA	NA	NA	0.000679476763946444	0.0344532622382229	NA	NA	0.0012974549694395	NA	NA	0.0103397891313291	NA	NA	NA	0.0324587487071212	0.000370435821447776	0.000256615263727541	0.0365106925703985	NA	0.0144660932254663	NA	NA
1	collagen binding	15	NA	NA	NA	1.12580812552147e-06	0.0331355387345904	3.08166015665327e-09	NA	3.25149830156564e-07	NA	2.22583240250886e-06	NA	NA	NA	0.000591664247712316	NA	NA	NA	1.04755207484598e-08	0.0392753252831827	0.0265466689611851	0.000863375804779032	5.52121135456203e-05	NA	2.79645355004433e-09	NA	1.94646307212314e-05	1.93955302542598e-05	NA	NA	NA	NA	NA	0.000611369412834752
1	CCR chemokine receptor binding	14	NA	0.000624667985506269	0.00412498058175218	0.000299687235384432	NA	0.0326387879147043	NA	0.02817563724396	0.000264894654238882	NA	NA	0.00306808636933834	5.24391190204339e-08	NA	0.00136328824285537	NA	NA	NA	0.00387687713931764	NA	NA	NA	NA	0.00125928977914834	0.0252807073873048	NA	NA	0.0345441684632288	NA	NA	0.00864641153258486	NA	NA
1	endopeptidase activity	14	NA	0.001986990875889	0.0164403547718533	0.0358980398016831	NA	NA	NA	0.00126345119433804	NA	NA	NA	NA	0.00107038568140209	0.00120318996528067	NA	NA	NA	0.000200136319989335	0.00991763617686785	0.0043638187828138	0.00361944715025426	0.0209659793937003	NA	NA	0.000848267662554176	0.0225127184983584	NA	NA	0.0199937359074118	NA	NA	NA	NA
2	carbohydrate binding	14	NA	NA	0.00158906052501204	NA	NA	1.3244659852594e-09	NA	9.70987919970037e-08	NA	NA	NA	NA	0.030858114012907	0.0125514996543588	0.00314106010705674	0.0268792920503961	NA	0.000279639647541337	0.00117939214594606	NA	NA	NA	NA	4.51169926665069e-06	0.00112872227028017	0.0213130434298826	3.19673590010268e-06	0.0246631314097017	NA	NA	NA	NA	NA
1	transmembrane receptor protein kinase activity	14	NA	NA	NA	1.48704288303961e-05	NA	6.15447838928694e-06	NA	0.00915362496423454	NA	1.48797823841248e-05	NA	NA	NA	1.03514980627825e-06	0.0318634994075879	0.038976517774423	NA	0.00102102404951371	0.000134196855346041	NA	0.00140504346818408	2.77488534485196e-05	NA	3.31437286909593e-06	NA	9.10171827783813e-06	1.70450529619432e-05	NA	NA	NA	NA	NA	NA
1	integrin binding	14	NA	NA	NA	5.23377830292997e-05	NA	1.35889499672724e-13	NA	2.42481871056656e-07	NA	5.44197103255e-07	NA	NA	NA	0.00151082897444044	0.00411045371018612	NA	NA	4.00899358200332e-08	NA	NA	0.0386379596679787	0.000169452362282494	NA	3.26455214115506e-09	0.00945675909805871	0.00648543819279513	1.33011303187598e-10	NA	NA	0.0125766767159335	NA	NA	NA
2	monooxygenase activity	14	NA	NA	NA	NA	2.01929113965325e-05	0.0223204769100671	NA	0.0271517344940719	0.0103391045347846	0.0284687583173778	0.0285828409424047	NA	NA	NA	0.00444939561166515	7.0233592644218e-08	NA	NA	NA	0.000988395910019261	NA	0.00136616556126552	NA	0.00143827651647459	0.0272292408600583	NA	NA	0.0316608586560638	0.00568274747097695	NA	NA	NA	NA
2	neuropeptide hormone activity	13	NA	0.00945864182199562	0.00142036852753135	NA	NA	0.0362528735587353	NA	NA	NA	0.0401680517091026	NA	1.0896043350073e-05	3.17610427320701e-06	NA	4.28530245003563e-05	NA	0.00872944653270419	NA	NA	0.00485184966921279	NA	1.9359867506564e-05	0.0138892423247582	0.0159002455049837	NA	NA	NA	NA	0.01046051763685	NA	NA	NA	NA
2	sodium channel activity	13	NA	0.0313410482715362	NA	0.00385086616678056	NA	7.74598348082354e-08	NA	0.000162107434610526	NA	NA	NA	0.0241794234471869	NA	0.032365908843252	0.0163645673714195	NA	0.00872944653270419	0.00199258082150632	1.11642459071266e-06	NA	NA	NA	NA	0.00188751359185301	NA	3.08867007486864e-05	0.00210210793703284	NA	NA	NA	NA	NA	NA
1	transmembrane receptor protein tyrosine kinase activity	13	NA	NA	NA	8.78158596588859e-07	NA	1.83365084771402e-07	NA	0.00164298995637326	NA	3.42175156604188e-06	NA	NA	NA	1.65766518541655e-07	NA	0.0287512942221967	NA	0.000262770339676131	0.00161664382422724	NA	0.00251209433936685	0.000618214116046712	NA	1.86237409740427e-07	NA	3.37810289618003e-07	7.25827750276075e-06	NA	NA	NA	NA	NA	NA
1	growth factor binding	13	NA	NA	NA	0.000354029258854972	NA	4.57042226363709e-11	NA	2.64666689364841e-06	NA	6.82182157570408e-06	NA	NA	NA	1.17805503749478e-08	NA	NA	NA	1.90858851126818e-07	0.000308464593979354	NA	0.000202497247592784	1.06881058900578e-07	NA	1.56568760763613e-15	NA	5.81097307673498e-06	1.16469366136013e-09	NA	NA	0.00264707081498548	NA	NA	NA
1	metallopeptidase activity	12	NA	NA	NA	8.59561009627937e-06	NA	0.000223917328444408	NA	5.45010392690956e-05	NA	0.0275783458608701	NA	NA	NA	0.0117598210157866	NA	NA	NA	0.00130642410088901	0.041449367553498	0.00144651329948793	NA	0.0168433643208646	NA	4.78697902738393e-05	NA	0.000559595084004364	0.00599833131374481	NA	NA	NA	NA	NA	NA
2	glutamate receptor activity	12	NA	NA	NA	1.19391292989076e-05	NA	0.00170491165405732	NA	0.00189504659293666	NA	0.0307851700797562	NA	NA	NA	NA	NA	NA	NA	0.00310509587255812	0.000621477201606139	NA	NA	0.00752735828568808	NA	NA	0.0284915810701206	8.76755314295039e-05	0.0113593052060755	0.00629883521214345	NA	NA	0.0144660932254663	NA	NA
1	mitogen-activated protein kinase kinase binding	12	NA	NA	NA	0.00013412036659964	NA	0.000394528515672214	NA	0.00756448751892851	NA	1.25906546770354e-05	NA	NA	NA	4.95256970956881e-05	NA	NA	NA	0.000181009175344613	0.000349267943706072	NA	0.0253916785723336	0.00100153151078112	NA	0.00031365639341554	NA	1.73339012147738e-05	0.00398848528354876	NA	NA	NA	NA	NA	NA
2	cytokine binding	12	NA	NA	NA	NA	NA	9.54161533959017e-09	NA	4.05234206383026e-07	NA	6.82182157570408e-06	NA	NA	NA	0.00168193399033918	7.58991285219889e-05	NA	NA	0.000192454853225882	0.00291705249478571	NA	0.00251209433936685	0.00060681167815993	NA	1.58957164644666e-06	0.00192687635937436	NA	9.51801284683603e-07	NA	NA	NA	NA	NA	NA
2	calcium ion transmembrane transporter activity	12	NA	NA	NA	NA	NA	3.81494888686835e-05	NA	0.00463323969523272	NA	0.00784978058571159	NA	NA	NA	0.0260156183508139	0.000827204271666356	0.0157686248820227	NA	0.0350252545107432	NA	NA	NA	NA	NA	0.0235575611908642	0.00022723166436649	NA	4.19027798040531e-05	0.00478756004725373	0.00158722384755704	NA	NA	NA	NA
2	calcium channel activity	12	NA	NA	NA	NA	NA	5.06936321226873e-05	NA	0.0028398864017972	NA	0.00742467974522518	NA	NA	NA	0.00797112005418875	0.00122114605625002	0.00239626433486513	NA	0.03100414376141	NA	NA	NA	NA	NA	NA	0.000938504706052819	0.0178787320170738	0.000185447206327423	0.00566435168559622	0.000349836341269532	NA	NA	NA	NA
1	metalloendopeptidase activity	11	NA	NA	NA	8.92516334464869e-05	NA	8.06572448894893e-06	NA	4.18328146125987e-05	NA	NA	NA	NA	0.033699614651103	0.0177197458452697	NA	NA	NA	0.00828433074830774	0.00185402457234663	0.0167576045931668	NA	NA	NA	5.8391311989216e-05	NA	0.0199296240455108	0.00999255927302463	NA	NA	NA	NA	NA	NA
1	platelet-derived growth factor binding	11	NA	NA	NA	0.000300397458278155	NA	5.86529602755156e-06	NA	0.00126345119433804	NA	0.000357315845343272	NA	NA	NA	0.000309432287125603	NA	NA	NA	6.69445057590047e-05	NA	NA	0.00341128180001967	0.0103397891313291	NA	2.25502174586755e-06	NA	0.000192308710724629	0.00153583202228605	NA	NA	NA	NA	NA	NA
2	G-protein coupled amine receptor activity	11	NA	NA	NA	0.000390054894280104	NA	0.00113053892860727	NA	0.00463323969523272	NA	0.00757839661175378	NA	NA	NA	NA	NA	NA	0.0130383154097745	3.51154769989103e-05	NA	NA	NA	0.00069524179557039	NA	NA	0.0284915810701206	NA	0.0160604070057694	0.00445779487288902	NA	0.0297282758895015	NA	NA	NA
1	MAP kinase kinase kinase activity	11	NA	NA	NA	0.000698725657857073	NA	0.000847914438365174	NA	0.00706275979346014	NA	0.00019708864276334	NA	NA	NA	0.000387256787422342	NA	NA	NA	0.00229766181197512	0.00411515506281591	NA	NA	0.00406201930630224	NA	0.00171223746550484	NA	9.04617828716138e-05	0.00275105286624594	NA	NA	NA	NA	NA	NA
2	scavenger receptor activity	11	NA	NA	NA	0.00924581198565667	NA	6.36954199344677e-06	NA	4.44956582428221e-06	NA	0.00091557652284604	NA	NA	NA	0.00122341517339118	NA	NA	0.00127218033723255	8.97680207024996e-05	NA	NA	NA	NA	NA	0.0267592783847568	0.0372976362752097	0.00617324509779082	0.00580096187825118	NA	NA	NA	NA	NA	NA
2	fibronectin binding	11	NA	NA	NA	0.0172579022237389	NA	0.000101554309730877	NA	7.77687922799024e-06	NA	6.51140778863062e-07	NA	NA	NA	0.0214050382384608	NA	NA	NA	0.00310509587255812	NA	NA	0.00391199959415626	0.018086280407699	NA	2.1754004966622e-05	NA	NA	0.0058038895178822	NA	NA	0.0117211042732186	NA	NA	NA
2	proteoglycan binding	11	NA	NA	NA	0.0395393558260909	0.00585602163334734	7.50651015397324e-08	NA	0.00879122304276138	NA	5.37959258101123e-05	NA	NA	NA	0.000976186620242429	NA	NA	0.0317127734409653	0.000159835337234193	NA	NA	NA	NA	NA	2.71565383372023e-06	NA	NA	0.000877360114420991	NA	NA	NA	NA	NA	0.0404701096127099
2	neurotransmitter transporter activity	10	NA	0.00625267140142087	0.0114274996101519	NA	NA	0.0362528735587353	NA	0.00552514341174545	NA	NA	NA	NA	NA	NA	0.00550402106561684	0.00326433522807842	NA	NA	NA	NA	NA	0.0174649826549918	NA	NA	NA	NA	NA	0.0019671710607705	0.024573953489975	NA	0.0396095409103392	NA	NA
2	heme binding	10	NA	NA	0.020043149035017	NA	2.1972674021456e-05	NA	NA	0.0266407623280663	NA	0.0309265845852035	NA	NA	NA	0.0388939968387065	NA	0.000304980050423991	NA	0.0321348148905122	NA	0.00685703347278597	NA	0.000739730023827778	NA	0.00249491195937166	NA	NA	NA	NA	NA	NA	NA	NA	NA
1	protein tyrosine kinase activity	10	NA	NA	NA	0.0001510414556904	NA	3.51754008526524e-06	NA	0.00166473365839737	NA	0.00209171606403958	NA	NA	NA	7.5295221878864e-05	NA	NA	NA	0.0151236417759966	0.041449367553498	NA	NA	NA	NA	0.000161065808430535	NA	0.0106382862030397	0.0181500900713698	NA	NA	NA	NA	NA	NA
2	phosphatidylinositol-4,5-bisphosphate 3-kinase activity	10	NA	NA	NA	0.00146688906483844	NA	9.01165792012336e-05	NA	8.03338906757331e-05	NA	0.00695570169973857	NA	NA	NA	NA	0.00943884364318518	NA	NA	0.0286017428893209	0.0345195603898972	NA	NA	NA	NA	0.000803101573017691	NA	0.0323871680028044	0.0187980175657775	NA	NA	NA	NA	NA	NA
2	phosphatidylinositol bisphosphate kinase activity	10	NA	NA	NA	0.00240249784791629	NA	0.000198558870695848	NA	0.00016718800403802	NA	0.00523454517775714	NA	NA	NA	NA	0.0151291960621863	NA	0.0277380998610695	0.0361305477801216	NA	NA	NA	NA	NA	0.00143827651647459	NA	0.0416110264387928	0.0160604070057694	NA	NA	NA	NA	NA	NA
1	signal transducer, downstream of receptor, with serine/threonine kinase activity	10	NA	NA	NA	0.0261284551231506	NA	0.0126533085160817	NA	0.0320546155050105	NA	0.00919728365478732	NA	NA	NA	0.00510340603912742	NA	NA	NA	0.0236734061675424	0.0279885739612137	NA	NA	0.0206713785208811	NA	0.0339489848735382	NA	0.00425863906584805	NA	NA	NA	NA	NA	NA	NA
2	G-protein coupled neurotransmitter receptor activity	10	NA	NA	NA	0.0329057435217304	NA	0.00802821138932492	NA	0.00713749598040714	NA	0.0309265845852035	NA	NA	NA	NA	NA	NA	NA	0.000630221549515912	NA	0.00544308133614727	NA	0.00235615423578439	NA	NA	0.0252807073873048	NA	0.0322771113569187	0.0322025244527059	NA	NA	NA	NA	NA
2	steroid binding	10	NA	NA	NA	0.0364211412846219	0.00339979502045498	NA	NA	0.0397468609751072	NA	0.0398306264453914	NA	NA	NA	NA	NA	0.00689264756621751	NA	NA	NA	NA	NA	0.0147888315938688	NA	0.00713231293121363	0.0169409624367464	NA	NA	0.00159710267210945	NA	NA	0.0430369348409018	NA	NA
2	oxygen binding	10	NA	NA	NA	NA	0.000389300200336124	NA	NA	0.0194710699753905	0.00199495204538187	NA	NA	NA	NA	0.0149493160417092	NA	0.0033959629811286	NA	0.00474436388174165	NA	4.86555605774376e-05	NA	0.000739730023827778	0.012926396700759	NA	NA	NA	NA	0.0183165771205583	NA	NA	NA	NA	NA
2	CXCR chemokine receptor binding	9	NA	0.00500888571447724	0.00128413452783228	NA	NA	NA	NA	NA	0.00152100727514315	NA	NA	NA	NA	0.0177197458452697	NA	NA	NA	NA	NA	0.0275719565796044	NA	NA	NA	0.00707357960148401	0.00617312233551515	NA	0.0100959887607708	NA	NA	0.0177982086070727	NA	NA	NA
2	neuropeptide receptor binding	9	NA	0.0127893083245958	1.37039069807996e-05	NA	NA	NA	NA	NA	NA	NA	NA	0.0239156660784392	0.00358507102358544	NA	0.00425483761591356	NA	0.00872944653270419	NA	NA	NA	NA	NA	0.025351603883618	0.0259677502476428	NA	NA	NA	NA	0.00627084515666818	NA	NA	NA	NA
2	anion transmembrane transporter activity	9	NA	0.0349693333865193	0.000187186428941028	NA	0.0259321648195748	NA	NA	NA	NA	NA	NA	0.00964965580767507	NA	NA	NA	4.00324632474509e-08	NA	NA	NA	NA	0.000124491623286977	NA	NA	NA	0.00331306870116339	NA	NA	NA	0.00627084515666818	NA	NA	NA	0.0310727747411984
2	neurotransmitter binding	9	NA	NA	0.0374416036250751	NA	NA	0.0267521116434998	NA	NA	NA	0.0208598793884034	NA	NA	NA	NA	0.00290179853897784	NA	NA	NA	NA	0.00605275902216218	NA	5.03138712894881e-05	NA	NA	0.00133889234397412	NA	0.0171999624462019	NA	0.00818056336833196	NA	NA	NA	NA
2	transcriptional activator activity, RNA polymerase II transcription regulatory region sequence-specific DNA binding	9	NA	NA	0.0422186350398617	NA	NA	0.0269879569896673	NA	NA	NA	NA	NA	NA	0.00107038568140209	NA	0.00398827962115637	NA	NA	NA	0.0333987367614789	7.48168183525272e-07	0.0149961690210994	NA	NA	0.0381601703669421	NA	NA	NA	NA	NA	NA	0.00756909650862201	NA	NA
2	extracellularly glutamate-gated ion channel activity	9	NA	NA	NA	0.000168937490282367	NA	9.01165792012336e-05	NA	0.00161436174338056	NA	NA	NA	NA	NA	NA	NA	NA	NA	0.00828433074830774	0.0273771728073276	NA	NA	NA	NA	NA	NA	4.81326104936438e-05	0.00632993050999851	0.0113405893031562	NA	NA	0.0337151830565843	NA	NA
2	retinoid binding	9	NA	NA	NA	0.000587146494477135	0.0147510224802557	0.0165700064967676	NA	NA	NA	NA	0.0420643345359409	0.000650684007422449	NA	NA	NA	0.031075728516269	NA	NA	NA	NA	NA	0.018086280407699	NA	NA	NA	NA	0.00632993050999851	0.0276050547681168	NA	NA	NA	NA	NA
2	outward rectifier potassium channel activity	9	NA	NA	NA	0.00174265223854347	NA	0.000786693035617822	NA	0.000162107434610526	NA	0.000434270382088344	NA	NA	NA	NA	NA	NA	NA	NA	NA	NA	0.0161040274978406	NA	NA	0.0021659010728334	0.0167697148277663	NA	8.52910233072742e-08	NA	NA	0.0229208010475735	NA	NA	NA
2	ammonium ion binding	9	NA	NA	NA	0.00235432796561968	NA	NA	NA	NA	0.00173186686030623	0.036903079910811	NA	NA	0.0282257189038682	NA	0.00314106010705674	NA	NA	NA	NA	0.00620064215737211	NA	0.0103397891313291	NA	NA	0.00159494464478201	NA	NA	NA	0.00567166118652746	NA	NA	NA	NA
2	extracellular matrix binding	9	NA	NA	NA	0.0028057138452829	NA	5.06936321226873e-05	NA	4.17122982890523e-05	NA	0.000721859320983646	NA	NA	NA	0.000678959350263835	NA	NA	NA	0.000204107268823933	NA	NA	NA	0.00154973382675499	NA	7.40447472728937e-05	NA	NA	0.0184195938596552	NA	NA	NA	NA	NA	NA
2	Wnt-protein binding	9	NA	NA	NA	0.0153687594815009	NA	0.0146727266758292	NA	NA	0.0330555591320764	0.00575161794255834	NA	NA	NA	NA	NA	NA	NA	NA	0.0221048172564143	NA	NA	0.000827370096651864	NA	0.00452676820619553	NA	0.0107534259728183	0.00102619455266539	NA	NA	NA	NA	NA	NA
2	channel regulator activity	9	NA	NA	NA	0.0221347598063276	NA	0.000682847829308138	NA	0.000904050992015116	NA	NA	NA	NA	NA	NA	0.00175342324299705	NA	NA	NA	NA	NA	NA	NA	NA	0.00260147637433213	9.19265092466501e-05	NA	0.000133534640986568	0.0159074702369634	0.000501603908395645	NA	NA	NA	NA
2	iron ion binding	9	NA	NA	NA	NA	6.04985058921146e-05	NA	NA	0.0127747608727854	0.00787855292786969	NA	NA	NA	NA	NA	0.0349701667700146	0.000163040519942013	NA	0.02974512105789	NA	0.0043638187828138	NA	NA	NA	NA	NA	NA	NA	0.0362014374130727	0.0198502601397056	NA	NA	NA	NA
2	immunoglobulin binding	9	NA	NA	NA	NA	NA	0.000306373920316942	NA	1.92320083175889e-05	NA	0.00938637252633524	NA	NA	NA	0.00141284254506339	1.52534225950377e-05	NA	NA	0.0228279995492024	NA	NA	0.0348413330306725	NA	NA	0.00289467179408277	0.00043619459295593	NA	NA	NA	NA	NA	NA	NA	NA
2	delayed rectifier potassium channel activity	9	NA	NA	NA	NA	NA	0.00780378192679826	NA	0.000178974218919861	NA	0.000625696629887122	NA	NA	NA	0.00797112005418875	NA	NA	NA	0.0161292744554383	NA	NA	NA	NA	NA	NA	0.00154555382265957	NA	4.67398193434087e-05	NA	NA	0.00264707081498548	0.0420861193471107	NA	NA
2	RAGE receptor binding	8	NA	0.000373456072441497	0.0395476564141758	NA	NA	NA	NA	0.0397468609751072	NA	0.0173743895549051	NA	NA	0.00228984144686413	NA	NA	NA	NA	NA	NA	0.000129983939242843	NA	NA	NA	NA	0.0020859338985793	NA	NA	NA	NA	NA	0.00051922305099964	NA	NA
2	alpha-actinin binding	8	NA	0.00278991455248433	NA	0.0395393558260909	NA	0.0326387879147043	NA	0.000106158735747027	NA	1.31480200644708e-06	NA	NA	NA	NA	NA	NA	NA	0.0350252545107432	NA	NA	NA	NA	NA	NA	NA	NA	0.0351956513523245	0.00675437142909143	NA	NA	NA	NA	NA
2	growth factor receptor binding	8	NA	0.00692671223793959	NA	0.00222621715709277	NA	0.0332070547750161	NA	NA	NA	0.0119306499239063	NA	0.0295652585209329	NA	NA	NA	NA	NA	0.03473154703823	NA	NA	NA	NA	NA	0.0259677502476428	NA	0.0214896957778952	NA	NA	NA	NA	NA	NA	NA
2	chemoattractant activity	8	NA	0.0238773619349684	NA	0.00159008277214662	NA	0.00693962681464999	NA	0.018413888066364	NA	0.0294929210610162	NA	NA	NA	NA	NA	NA	NA	NA	0.041413436124737	NA	NA	NA	NA	0.0236920922327029	NA	NA	0.00159677544603797	NA	NA	NA	NA	NA	NA
2	actin binding	8	NA	0.0313410482715362	NA	NA	NA	0.00199638359208558	NA	0.0019936373208132	NA	5.44197103255e-07	NA	NA	NA	0.00557214555000873	NA	NA	NA	NA	NA	NA	NA	NA	NA	NA	4.31590847548336e-05	NA	0.00623666082844158	NA	0.0347805328720489	NA	NA	NA	NA
2	neurotransmitter:sodium symporter activity	8	NA	0.041822254253043	0.0079693682968403	NA	0.0345682880496765	0.0149701093651457	NA	0.0127193311578899	NA	NA	NA	NA	NA	NA	NA	0.000336060117967186	NA	NA	NA	NA	NA	NA	NA	NA	NA	NA	NA	0.0154778100403816	0.00505461644125457	NA	NA	NA	NA
2	ionotropic glutamate receptor activity	8	NA	NA	NA	0.000168937490282367	NA	0.000659876922952879	NA	0.00713749598040714	NA	NA	NA	NA	NA	NA	NA	NA	NA	0.00828433074830774	0.0273771728073276	NA	NA	NA	NA	NA	NA	4.81326104936438e-05	0.022662026954581	0.0113405893031562	NA	NA	NA	NA	NA
2	isoprenoid binding	8	NA	NA	NA	0.000830381261012563	0.0175222335902516	0.0213385193535546	NA	NA	NA	NA	NA	0.000874549661505991	NA	NA	NA	0.0400480727072049	NA	NA	NA	NA	NA	0.0223035971980141	NA	NA	NA	NA	0.00870686848136691	0.0322025244527059	NA	NA	NA	NA	NA
2	voltage-gated sodium channel activity	8	NA	NA	NA	NA	NA	1.08141589707451e-09	NA	6.7918265962208e-05	NA	NA	NA	NA	NA	NA	0.0167702990465185	NA	NA	0.0228279995492024	2.52785736078961e-05	NA	NA	NA	NA	0.00128797889056927	NA	0.000247231951031753	0.00417802291770495	NA	NA	NA	NA	NA	NA
2	cargo receptor activity	8	NA	NA	NA	NA	NA	6.09602795001446e-05	NA	6.70072041582263e-05	NA	0.00230877421538108	NA	NA	NA	0.000997669196599371	NA	NA	0.033849706349303	0.00380846375493464	NA	NA	NA	NA	NA	NA	0.00856353578697208	NA	0.010790896178519	NA	NA	NA	NA	NA	NA
2	complement binding	8	NA	NA	NA	NA	NA	0.000380686240609539	NA	0.000976576190466946	NA	0.0119306499239063	NA	NA	NA	0.0177197458452697	NA	NA	NA	0.0350252545107432	NA	NA	NA	NA	NA	0.000858093411313785	0.0372976362752097	NA	0.00417802291770495	NA	NA	NA	NA	NA	NA
2	G-protein coupled chemoattractant receptor activity	8	NA	NA	NA	NA	NA	0.00113053892860727	0.00569589266155721	2.34364161318586e-07	NA	0.038781595400886	NA	NA	NA	NA	NA	NA	NA	0.0161292744554383	NA	NA	0.0181516116612082	NA	NA	0.019044004764019	NA	0.0214896957778952	NA	NA	NA	NA	NA	NA	NA
2	chemokine receptor activity	8	NA	NA	NA	NA	NA	0.00113053892860727	0.00569589266155721	2.34364161318586e-07	NA	0.038781595400886	NA	NA	NA	NA	NA	NA	NA	0.0161292744554383	NA	NA	0.0181516116612082	NA	NA	0.019044004764019	NA	0.0214896957778952	NA	NA	NA	NA	NA	NA	NA
2	ion channel binding	8	NA	NA	NA	NA	NA	0.0113930512227763	NA	0.0118270082543445	NA	0.00173767339679411	NA	NA	NA	NA	0.0106434233746997	NA	NA	NA	NA	NA	NA	NA	NA	NA	0.00022723166436649	NA	1.70582605144574e-05	0.0222072918584416	0.0187049122829536	NA	NA	NA	NA
2	peptide hormone binding	8	NA	NA	NA	NA	NA	NA	NA	NA	NA	NA	NA	NA	NA	NA	0.0267124185688356	0.00352727268569394	NA	0.00565458963782812	NA	NA	NA	0.0103397891313291	NA	NA	NA	NA	0.00195291139061848	NA	0.0178657364919421	0.0147376436798657	0.00375734461480194	NA	NA
2	3',5'-cyclic-AMP phosphodiesterase activity	7	NA	0.0178182322301904	NA	NA	NA	NA	NA	0.0397468609751072	NA	0.0215894064047742	NA	NA	NA	0.0328188918736203	NA	NA	NA	0.00432320526594682	NA	NA	NA	NA	NA	0.0152409193042945	NA	NA	0.0160604070057694	NA	NA	NA	NA	NA	NA
2	secondary active transmembrane transporter activity	7	NA	0.0190617415454858	5.29016861821436e-05	NA	0.019499381851055	NA	NA	NA	NA	NA	NA	NA	NA	NA	NA	5.86493525484975e-10	NA	NA	NA	NA	0.0110558550270098	NA	NA	NA	0.022537940075818	NA	NA	NA	0.00390662245468845	NA	NA	NA	NA
2	active transmembrane transporter activity	7	NA	NA	6.7001608585974e-06	NA	0.00679254014384588	NA	NA	NA	NA	NA	NA	NA	NA	NA	NA	7.83060769200531e-09	NA	NA	NA	NA	0.00631911368884152	NA	NA	NA	0.00642731332042099	NA	NA	NA	0.00130187547722242	NA	NA	NA	0.0364934685137402
2	tetrapyrrole binding	7	NA	NA	0.0342957470376741	NA	6.04985058921146e-05	NA	NA	0.0124653456777443	NA	NA	NA	NA	NA	NA	NA	0.000353795824099677	NA	NA	NA	0.0115480539894645	NA	0.00180158793153798	NA	0.00743646926545346	NA	NA	NA	NA	NA	NA	NA	NA	NA
2	phosphatidylinositol 3-kinase activity	7	NA	NA	NA	0.00569297477589544	NA	0.000490195117751455	NA	0.000178974218919861	NA	0.00560073191817906	NA	NA	NA	NA	0.0135305753177085	NA	NA	NA	NA	NA	NA	NA	NA	0.00267133230483826	NA	NA	0.0361919532514169	NA	NA	NA	NA	NA	NA
2	dynein light chain binding	7	NA	NA	NA	0.0381346608973002	NA	NA	NA	NA	NA	NA	NA	NA	NA	NA	0.028091862216562	NA	0.00860058505878661	0.0361305477801216	NA	NA	NA	NA	NA	NA	NA	NA	NA	0.0110234930480543	NA	NA	0.000105120956231063	0.0396667648002578	NA
2	heparan sulfate proteoglycan binding	7	NA	NA	NA	NA	0.0168645427292011	0.00557553618131662	NA	NA	NA	0.0065160506207611	NA	NA	NA	0.0038569960750649	NA	0.0352338441488277	0.00872944653270419	0.00389871203168709	NA	NA	NA	NA	NA	NA	NA	NA	NA	NA	NA	NA	NA	NA	NA
2	coreceptor activity	7	NA	NA	NA	NA	NA	0.000659876922952879	NA	0.00276325533311533	NA	0.00129249132280174	NA	NA	NA	NA	NA	NA	NA	NA	0.00562717586982126	NA	NA	NA	NA	4.74796696654027e-06	NA	NA	0.00343040534813004	NA	NA	0.0117211042732186	NA	NA	NA
2	low-density lipoprotein particle binding	7	NA	NA	NA	NA	NA	0.000786693035617822	NA	0.00947812876087748	NA	NA	NA	NA	NA	0.0096937857866636	NA	NA	NA	0.0236520414846332	NA	NA	NA	0.00214110396270449	NA	0.0112241436121281	NA	0.00806447362604281	NA	NA	NA	NA	NA	NA	NA
2	calmodulin binding	7	NA	NA	NA	NA	NA	0.00107117686123784	NA	0.0228685412341978	NA	0.00105716574050362	NA	NA	NA	NA	1.52534225950377e-05	NA	NA	NA	NA	NA	NA	NA	NA	0.0362419782135417	NA	NA	0.0324996829491443	NA	NA	0.0297282758895015	NA	NA	NA
2	lipoprotein particle binding	7	NA	NA	NA	NA	NA	0.00113053892860727	NA	0.00947812876087748	NA	NA	NA	NA	NA	NA	NA	NA	NA	0.00828433074830774	NA	NA	NA	0.00911140446002317	NA	0.00251546311161446	NA	0.0105854826378322	0.00417802291770495	NA	NA	NA	NA	NA	NA
2	protein-lipid complex binding	7	NA	NA	NA	NA	NA	0.00113053892860727	NA	0.00947812876087748	NA	NA	NA	NA	NA	NA	NA	NA	NA	0.00828433074830774	NA	NA	NA	0.00911140446002317	NA	0.00251546311161446	NA	0.0105854826378322	0.00417802291770495	NA	NA	NA	NA	NA	NA
2	transcriptional activator activity, RNA polymerase II proximal promoter sequence-specific DNA binding	7	NA	NA	NA	NA	NA	0.00513262748857403	NA	NA	NA	NA	NA	NA	0.00594077253198739	NA	NA	NA	NA	NA	NA	0.000296001609232985	0.012754974434843	NA	NA	0.0117832463049938	0.0270962337725236	NA	NA	NA	NA	NA	0.00648277039310565	NA	NA
2	platelet-derived growth factor receptor binding	7	NA	NA	NA	NA	NA	0.00802821138932492	NA	0.0397468609751072	NA	0.0215894064047742	NA	NA	NA	NA	NA	NA	NA	NA	NA	NA	0.0253916785723336	0.0358416547132686	NA	0.0152409193042945	NA	NA	0.0160604070057694	NA	NA	NA	NA	NA	NA
2	ion channel regulator activity	7	NA	NA	NA	NA	NA	0.00906490035966939	NA	0.00756448751892851	NA	NA	NA	NA	NA	NA	0.0167702990465185	NA	NA	NA	NA	NA	NA	NA	NA	0.0274583743591427	0.0197787730871445	NA	0.00229616619987235	NA	0.00875952584493589	NA	NA	NA	NA
2	insulin-like growth factor binding	7	NA	NA	NA	NA	NA	0.011464531273496	NA	0.00463323969523272	NA	NA	NA	NA	NA	0.00406097741758125	NA	NA	NA	NA	NA	NA	NA	0.0113167627175297	NA	0.00261357223935347	NA	NA	0.00731721898407667	NA	NA	0.00114420031811674	NA	NA	NA
2	frizzled binding	7	NA	NA	NA	NA	NA	0.0269879569896673	NA	NA	0.0137626110063712	NA	NA	NA	NA	NA	NA	NA	NA	NA	NA	NA	NA	0.00895146913888284	NA	0.0297132846199225	NA	0.0244730795593463	0.00750596758783729	NA	NA	0.00538316925136523	NA	NA	NA
2	signal transducer activity, downstream of receptor	7	NA	NA	NA	NA	NA	0.0275190724970421	NA	0.0256814996727215	NA	0.0132821919047735	NA	NA	NA	0.0260156183508139	NA	NA	NA	0.0350252545107432	0.00957676343794309	NA	NA	NA	NA	NA	NA	0.00980556034430637	NA	NA	NA	NA	NA	NA	NA
2	structural constituent of muscle	7	NA	NA	NA	NA	NA	0.0362528735587353	NA	0.00353047632461885	NA	2.94550264754154e-11	NA	NA	NA	NA	NA	NA	NA	NA	NA	NA	NA	NA	0.00567975058585523	NA	0.00636512393618276	NA	0.000192904394557189	NA	0.00436428657659526	NA	NA	NA	NA
2	intracellular ligand-gated ion channel activity	6	NA	0.00496275245474532	NA	NA	NA	0.0176679956467547	NA	NA	NA	NA	NA	NA	NA	NA	0.0175585091407878	NA	NA	0.00310509587255812	NA	NA	NA	NA	NA	NA	0.0414588703578873	NA	NA	NA	0.0365106925703985	NA	NA	NA	NA
2	actinin binding	6	NA	0.0110154882088411	NA	0.0395393558260909	NA	0.0370237497362467	NA	0.000346915967977209	NA	1.81792791798468e-06	NA	NA	NA	NA	NA	NA	NA	NA	NA	NA	NA	NA	NA	NA	NA	NA	NA	0.0212100667660128	NA	NA	NA	NA	NA
2	signaling pattern recognition receptor activity	6	NA	0.0237835493530818	NA	NA	NA	0.00802821138932492	NA	0.0195426512761677	NA	NA	NA	NA	NA	0.0096937857866636	NA	NA	NA	0.0350252545107432	NA	NA	NA	NA	NA	0.0152409193042945	NA	NA	NA	NA	NA	NA	NA	NA	NA
2	pattern recognition receptor activity	6	NA	0.0237835493530818	NA	NA	NA	0.00802821138932492	NA	0.0195426512761677	NA	NA	NA	NA	NA	0.0096937857866636	NA	NA	NA	0.0350252545107432	NA	NA	NA	NA	NA	0.0152409193042945	NA	NA	NA	NA	NA	NA	NA	NA	NA
2	3',5'-cyclic-nucleotide phosphodiesterase activity	6	NA	0.0282723026867666	NA	NA	NA	NA	NA	0.00273423500175446	NA	0.00523454517775714	NA	NA	NA	NA	NA	NA	NA	0.00672487579924795	NA	NA	NA	NA	NA	0.00766064942546607	NA	NA	0.00620954432926592	NA	NA	NA	NA	NA	NA
2	cyclic-nucleotide phosphodiesterase activity	6	NA	0.0343792019853048	NA	NA	NA	NA	NA	0.0037333663254442	NA	0.00736975199858306	NA	NA	NA	NA	NA	NA	NA	0.00828433074830774	NA	NA	NA	NA	NA	0.0101248361546271	NA	NA	0.00896048056032208	NA	NA	NA	NA	NA	NA
2	organic anion transmembrane transporter activity	6	NA	NA	5.29016861821436e-05	NA	0.00160671580897515	NA	NA	NA	NA	NA	NA	0.0430860580790791	NA	NA	NA	3.8708317724712e-08	NA	NA	NA	NA	0.00530242372060594	NA	NA	NA	0.0270570318151739	NA	NA	NA	NA	NA	NA	NA	NA
2	receptor activator activity	6	NA	NA	NA	0.0212435936852211	NA	0.033803200061816	NA	NA	NA	0.00560073191817906	NA	NA	NA	NA	NA	0.0192964948634235	NA	NA	NA	NA	0.0161040274978406	NA	NA	0.0179384566327008	NA	NA	NA	NA	NA	NA	NA	NA	NA
2	Wnt-activated receptor activity	6	NA	NA	NA	0.0315085835024482	NA	0.0195660217404714	NA	NA	NA	0.017889034855972	NA	NA	NA	NA	NA	NA	NA	0.0274160014000068	0.00390985182348615	NA	NA	0.0358416547132686	NA	NA	NA	NA	NA	NA	NA	NA	NA	NA	NA
2	steroid hydroxylase activity	6	NA	NA	NA	NA	9.66846279591469e-05	NA	NA	NA	NA	NA	NA	NA	NA	NA	NA	3.36055219335442e-06	NA	NA	0.0279885739612137	NA	NA	0.00091621622951075	0.0171499896907356	0.019044004764019	NA	NA	NA	NA	NA	NA	NA	NA	NA
2	amyloid-beta binding	6	NA	NA	NA	NA	NA	1.22296070095241e-05	NA	NA	NA	0.0275783458608701	NA	NA	NA	NA	NA	NA	NA	NA	NA	NA	NA	0.0268184050795085	NA	0.0152409193042945	0.0319294007133034	NA	NA	0.028414986618612	NA	NA	NA	NA	NA
2	chemokine binding	6	NA	NA	NA	NA	NA	0.000818872561547874	NA	7.77687922799024e-06	NA	0.038781595400886	NA	NA	NA	NA	0.028091862216562	NA	NA	NA	NA	NA	0.0424656788866155	NA	NA	0.00452676820619553	NA	NA	NA	NA	NA	NA	NA	NA	NA
2	voltage-gated calcium channel activity	6	NA	NA	NA	NA	NA	0.00113053892860727	NA	NA	NA	0.0012477009406114	NA	NA	NA	NA	0.010831789730076	NA	NA	NA	NA	NA	0.0348413330306725	NA	NA	NA	NA	NA	0.0058038895178822	0.00678258495947626	NA	NA	NA	NA	NA
2	structural constituent of cytoskeleton	5	NA	0.000373456072441497	0.0346839767193116	NA	NA	NA	NA	NA	NA	NA	NA	NA	NA	NA	NA	NA	NA	NA	NA	NA	NA	NA	NA	NA	NA	0.0174134261784086	NA	NA	0.0376527136288251	NA	0.0256280157220723	NA	NA
2	structural constituent of epidermis	5	NA	0.000689576741639641	NA	0.0174828353557327	NA	NA	NA	NA	NA	NA	NA	NA	NA	NA	NA	NA	NA	NA	NA	NA	NA	NA	NA	NA	NA	1.16620853906381e-05	NA	0.0122586213617804	NA	0.00112634821947371	NA	NA	NA
2	muscle alpha-actinin binding	5	NA	0.0237835493530818	NA	NA	NA	0.0161611934574007	NA	0.000976576190466946	NA	1.37149819654903e-05	NA	NA	NA	NA	NA	NA	NA	NA	NA	NA	NA	NA	NA	NA	NA	NA	NA	0.0085892483568938	NA	NA	NA	NA	NA
2	solute:sodium symporter activity	5	NA	0.0327735804839868	0.000504162744641041	NA	NA	NA	NA	NA	NA	NA	NA	NA	NA	NA	NA	3.07861079304017e-11	NA	NA	NA	NA	NA	NA	NA	NA	NA	NA	NA	0.0322025244527059	0.000448924218592836	NA	NA	NA	NA
2	cGMP binding	5	NA	0.041822254253043	NA	0.0414258924429613	NA	NA	NA	0.0278764362773704	NA	NA	NA	NA	NA	NA	NA	NA	NA	0.0135018083653845	NA	NA	NA	NA	NA	0.00512719820698251	NA	NA	NA	NA	NA	NA	NA	NA	NA
2	chloride channel activity	5	NA	NA	0.0171188589610214	NA	NA	NA	NA	NA	NA	NA	NA	NA	NA	NA	0.00910951370894288	NA	NA	NA	NA	NA	0.000847573880913486	NA	NA	NA	NA	NA	NA	0.0153863377981145	0.00122672562752742	NA	NA	NA	NA
2	GABA receptor activity	5	NA	NA	0.0360151459643143	NA	NA	NA	NA	NA	NA	NA	NA	NA	NA	NA	0.000431937332653475	NA	NA	NA	NA	NA	NA	0.0227826838048149	NA	NA	NA	NA	NA	0.0085892483568938	0.00460702789352708	NA	NA	NA	NA
2	metalloexopeptidase activity	5	NA	NA	NA	0.034177999057366	NA	NA	NA	NA	NA	NA	NA	NA	NA	NA	NA	NA	NA	0.0163689627279354	NA	0.016484081726979	NA	NA	NA	0.0354679124193996	NA	0.0244475421264831	NA	NA	NA	NA	NA	NA	NA
2	oxidoreductase activity, acting on paired donors, with incorporation or reduction of molecular oxygen, reduced flavin or flavoprotein as one donor, and incorporation of one atom of oxygen	5	NA	NA	NA	NA	5.21017666349823e-05	NA	NA	NA	NA	NA	NA	NA	NA	NA	NA	1.55890616572233e-05	NA	NA	NA	0.0170783836804883	NA	0.00069524179557039	0.0443618878006469	NA	NA	NA	NA	NA	NA	NA	NA	NA	NA
2	aromatase activity	5	NA	NA	NA	NA	0.00543390556642843	NA	NA	NA	NA	0.0401680517091026	NA	NA	NA	NA	NA	0.00723771195594668	NA	NA	NA	0.0379816062789383	NA	0.000756971101957813	NA	NA	NA	NA	NA	NA	NA	NA	NA	NA	NA
2	sulfotransferase activity	5	NA	NA	NA	NA	0.0250620614571575	0.00173077127881359	NA	NA	NA	NA	NA	NA	NA	0.00616218828919777	NA	NA	NA	NA	NA	NA	NA	0.0174649826549918	NA	0.000123329014044403	NA	NA	NA	NA	NA	NA	NA	NA	NA
2	inositol 1,4,5 trisphosphate binding	5	NA	NA	NA	NA	NA	0.000854728980978853	NA	0.0128444743772206	NA	NA	0.0228950596205588	NA	NA	NA	NA	NA	NA	NA	NA	NA	NA	NA	NA	0.00307808401777821	NA	NA	0.0160604070057694	NA	NA	NA	NA	NA	NA
2	hyaluronic acid binding	5	NA	NA	NA	NA	NA	0.00372002063917072	NA	NA	NA	NA	NA	NA	NA	NA	0.0349791113379271	NA	NA	NA	NA	NA	NA	0.028392893439135	NA	0.0159002455049837	0.00648806723282603	NA	NA	NA	NA	NA	NA	NA	NA
2	metalloendopeptidase inhibitor activity	5	NA	NA	NA	NA	NA	0.0161611934574007	NA	NA	NA	0.0215894064047742	NA	NA	NA	NA	NA	NA	NA	0.00432320526594682	0.0399345396408488	NA	NA	NA	NA	NA	NA	NA	0.000299714982943963	NA	NA	NA	NA	NA	NA
2	purinergic receptor activity	5	NA	NA	NA	NA	NA	0.0254362378665726	NA	0.000904050992015116	NA	NA	NA	NA	NA	NA	0.00826470420355956	NA	NA	NA	NA	NA	0.000238410819656118	NA	NA	NA	NA	NA	0.0058038895178822	NA	NA	NA	NA	NA	NA
2	purinergic nucleotide receptor activity	5	NA	NA	NA	NA	NA	0.0292477855133521	NA	0.00368784868022252	NA	NA	NA	NA	NA	NA	0.00936685453249025	NA	NA	NA	NA	NA	0.000847573880913486	NA	NA	NA	NA	NA	0.00417802291770495	NA	NA	NA	NA	NA	NA
2	nucleotide receptor activity	5	NA	NA	NA	NA	NA	0.0292477855133521	NA	0.00368784868022252	NA	NA	NA	NA	NA	NA	0.00936685453249025	NA	NA	NA	NA	NA	0.000847573880913486	NA	NA	NA	NA	NA	0.00417802291770495	NA	NA	NA	NA	NA	NA
2	cyclic nucleotide binding	5	NA	NA	NA	NA	NA	0.0326387879147043	NA	0.0237754558753125	NA	0.0398306264453914	NA	NA	NA	NA	NA	NA	NA	NA	NA	NA	NA	NA	NA	0.0106722750542655	NA	NA	NA	NA	0.0252873553811156	NA	NA	NA	NA
2	cysteine-type endopeptidase inhibitor activity	5	NA	NA	NA	NA	NA	NA	NA	NA	NA	NA	NA	0.00601760417967904	2.71804590073813e-05	NA	NA	NA	NA	NA	0.0128396279130634	NA	NA	NA	NA	NA	0.0169409624367464	NA	NA	NA	NA	0.0297282758895015	NA	NA	NA
2	transcription factor activity, RNA polymerase II proximal promoter sequence-specific DNA binding	5	NA	NA	NA	NA	NA	NA	NA	NA	NA	NA	NA	NA	0.0206328408611598	NA	NA	NA	NA	NA	0.00268397777531198	0.000783042022947768	0.0260216934570156	NA	NA	NA	NA	NA	0.0290705375871916	NA	NA	NA	NA	NA	NA
2	organic acid transmembrane transporter activity	4	NA	NA	0.00267627637421455	NA	0.00139023043921871	NA	NA	NA	NA	NA	NA	NA	NA	NA	NA	8.36393468800024e-07	NA	NA	NA	NA	0.0100276486666173	NA	NA	NA	NA	NA	NA	NA	NA	NA	NA	NA	NA
2	carboxylic acid transmembrane transporter activity	4	NA	NA	0.00267627637421455	NA	0.00139023043921871	NA	NA	NA	NA	NA	NA	NA	NA	NA	NA	8.36393468800024e-07	NA	NA	NA	NA	0.0100276486666173	NA	NA	NA	NA	NA	NA	NA	NA	NA	NA	NA	NA
2	calcium-dependent phospholipid binding	4	NA	NA	0.00866545359174434	NA	NA	NA	NA	NA	NA	NA	NA	NA	NA	NA	9.70291843231064e-05	0.0276624815706805	NA	NA	NA	NA	NA	NA	NA	NA	NA	NA	NA	NA	0.000156797221412086	NA	NA	NA	NA
2	inorganic anion transmembrane transporter activity	4	NA	NA	0.0142991155246934	NA	NA	NA	NA	NA	NA	NA	NA	NA	NA	NA	NA	0.00960257237963091	NA	NA	NA	NA	0.00181836663579568	NA	NA	NA	NA	NA	NA	NA	0.00107172130614548	NA	NA	NA	NA
2	acetylcholine binding	4	NA	NA	0.0230621167210009	NA	NA	NA	NA	NA	NA	0.0307851700797562	NA	NA	NA	NA	NA	0.0329809061707309	NA	NA	NA	0.0224309344156959	NA	NA	NA	NA	NA	NA	NA	NA	NA	NA	NA	NA	NA
2	clathrin binding	4	NA	NA	0.0364821912911011	NA	NA	NA	NA	NA	NA	NA	NA	NA	0.0274831760731162	NA	0.00373965361999599	NA	NA	NA	NA	NA	NA	NA	NA	NA	NA	NA	NA	NA	0.00796484571957534	NA	NA	NA	NA
2	retinal binding	4	NA	NA	NA	0.00150516970798109	NA	NA	NA	NA	NA	NA	0.0321446004297795	0.00470852920051701	NA	NA	NA	NA	NA	NA	NA	NA	NA	NA	NA	NA	NA	NA	0.0395244234327085	NA	NA	NA	NA	NA	NA
2	ephrin receptor activity	4	NA	NA	NA	0.0134371089045011	NA	0.0161611934574007	NA	NA	NA	NA	NA	NA	NA	NA	NA	NA	NA	NA	0.0343485502603926	NA	NA	NA	NA	NA	NA	0.0053451869061776	NA	NA	NA	NA	NA	NA	NA
2	retinol binding	4	NA	NA	NA	0.0316618754048074	NA	NA	NA	NA	NA	NA	0.0321446004297795	NA	NA	NA	NA	NA	NA	NA	NA	NA	NA	NA	NA	NA	NA	NA	0.0160604070057694	NA	NA	NA	0.0192724199570631	NA	NA
2	organic acid binding	4	NA	NA	NA	NA	0.000136658871594855	NA	NA	NA	0.0035819975488125	NA	NA	NA	NA	NA	0.00620852558017523	0.000516123215038079	NA	NA	NA	NA	NA	NA	NA	NA	NA	NA	NA	NA	NA	NA	NA	NA	NA
2	carboxylic acid binding	4	NA	NA	NA	NA	0.000899956697927858	NA	NA	NA	0.00724301182618331	NA	NA	NA	NA	NA	0.00936685453249025	0.000355012261917811	NA	NA	NA	NA	NA	NA	NA	NA	NA	NA	NA	NA	NA	NA	NA	NA	NA
2	monocarboxylic acid transmembrane transporter activity	4	NA	NA	NA	NA	0.00543390556642843	NA	NA	NA	NA	NA	NA	NA	NA	NA	NA	0.000217421184749225	NA	NA	NA	NA	0.0393119800084657	NA	NA	NA	NA	NA	NA	NA	NA	NA	NA	NA	0.0364934685137402
2	organic hydroxy compound transmembrane transporter activity	4	NA	NA	NA	NA	0.0138012390317437	NA	NA	NA	NA	NA	NA	NA	0.030858114012907	NA	NA	0.00309579091517751	NA	NA	NA	NA	NA	NA	NA	NA	NA	NA	NA	0.0316608586560638	NA	NA	NA	NA	NA
2	amino acid transmembrane transporter activity	4	NA	NA	NA	NA	0.0269598273397213	NA	NA	NA	0.0329984239370658	NA	NA	0.0430860580790791	NA	NA	NA	0.000304980050423991	NA	NA	NA	NA	NA	NA	NA	NA	NA	NA	NA	NA	NA	NA	NA	NA	NA
2	alcohol binding	4	NA	NA	NA	NA	0.0328880874077798	0.0362528735587353	NA	NA	NA	NA	NA	NA	NA	NA	NA	NA	NA	NA	NA	NA	NA	NA	NA	0.0101744745696849	NA	NA	NA	0.00715744167649245	NA	NA	NA	NA	NA
2	opsonin binding	4	NA	NA	NA	NA	NA	0.00166474781590254	NA	0.00413699797668243	NA	0.038781595400886	NA	NA	NA	NA	NA	NA	NA	NA	NA	NA	NA	NA	NA	0.000728754321173888	NA	NA	NA	NA	NA	NA	NA	NA	NA
2	fibroblast growth factor receptor binding	4	NA	NA	NA	NA	NA	0.00802821138932492	NA	NA	NA	NA	NA	NA	NA	NA	NA	NA	0.00872944653270419	NA	NA	NA	NA	NA	NA	0.0358643949271585	NA	NA	0.0322771113569187	NA	NA	NA	NA	NA	NA
2	scaffold protein binding	4	NA	NA	NA	NA	NA	0.00952754290340964	NA	NA	NA	NA	NA	NA	NA	0.0414381475021951	NA	NA	NA	NA	NA	NA	NA	NA	NA	0.025529192897733	NA	NA	0.00894505998912877	NA	NA	NA	NA	NA	NA
2	C-C chemokine receptor activity	4	NA	NA	NA	NA	NA	0.0110919546864139	NA	0.00247109743567252	NA	NA	NA	NA	NA	NA	NA	NA	NA	0.00894792130769193	NA	NA	NA	NA	NA	0.0259290823382336	NA	NA	NA	NA	NA	NA	NA	NA	NA
2	structural molecule activity conferring elasticity	4	NA	NA	NA	NA	NA	0.0116136843896046	NA	NA	NA	5.78729436207022e-05	NA	NA	NA	NA	NA	NA	NA	0.0350252545107432	NA	NA	NA	NA	NA	0.0204533138602854	NA	NA	NA	NA	NA	NA	NA	NA	NA
2	transcription factor activity, RNA polymerase II distal enhancer sequence-specific binding	4	NA	NA	NA	NA	NA	0.0126533085160817	NA	NA	NA	0.00298058835842421	NA	NA	NA	NA	NA	NA	NA	NA	NA	NA	NA	NA	NA	0.0203464455795185	NA	NA	0.0407593751126297	NA	NA	NA	NA	NA	NA
2	oxidoreductase activity, acting on the CH-NH2 group of donors, oxygen as acceptor	4	NA	NA	NA	NA	NA	0.0161611934574007	NA	0.0138237731650062	NA	NA	NA	NA	NA	NA	NA	NA	NA	0.0293988022077781	NA	NA	NA	NA	NA	NA	0.0372976362752097	NA	NA	NA	NA	NA	NA	NA	NA
2	guanyl-nucleotide exchange factor activity	4	NA	NA	NA	NA	NA	0.0364759122119298	NA	NA	NA	0.0376034863891886	NA	NA	NA	0.0344081300935023	NA	NA	NA	NA	NA	NA	NA	NA	NA	NA	NA	NA	NA	NA	NA	NA	NA	NA	0.0334524904027978
2	phosphoric diester hydrolase activity	4	NA	NA	NA	NA	NA	NA	NA	0.00111310066352455	NA	0.00205817010024084	0.0394586750990138	NA	NA	0.0245422231967514	NA	NA	NA	NA	NA	NA	NA	NA	NA	NA	NA	NA	NA	NA	NA	NA	NA	NA	NA
2	3',5'-cyclic-GMP phosphodiesterase activity	4	NA	NA	NA	NA	NA	NA	NA	0.00413699797668243	NA	0.0275783458608701	NA	NA	NA	NA	NA	NA	NA	NA	NA	NA	NA	NA	NA	0.00512719820698251	NA	NA	0.0160604070057694	NA	NA	NA	NA	NA	NA
2	calcium activated cation channel activity	4	NA	NA	NA	NA	NA	NA	NA	0.00685681147294016	NA	NA	NA	NA	NA	NA	0.0106884737224134	NA	NA	NA	NA	NA	NA	NA	NA	NA	NA	NA	NA	0.0190945912451436	NA	0.00344109245519153	NA	NA	NA
2	tropomyosin binding	4	NA	NA	NA	NA	NA	NA	NA	NA	NA	0.00294645422827368	NA	NA	0.000274118871223836	NA	NA	NA	NA	NA	NA	NA	NA	NA	0.027959479480085	NA	0.0167697148277663	NA	NA	NA	NA	NA	NA	NA	NA
2	structural constituent of eye lens	4	NA	NA	NA	NA	NA	NA	NA	NA	NA	NA	NA	0.0307601034708273	NA	NA	NA	0.0329809061707309	NA	NA	NA	NA	NA	NA	0.00528264095177429	NA	0.0031107331844012	NA	NA	NA	NA	NA	NA	NA	NA
2	catecholamine binding	4	NA	NA	NA	NA	NA	NA	NA	NA	NA	NA	NA	NA	0.0273887627116621	NA	NA	0.00976245738751728	NA	NA	NA	NA	NA	0.0358416547132686	0.0145982083945363	NA	NA	NA	NA	NA	NA	NA	NA	NA	NA
2	neuropeptide binding	4	NA	NA	NA	NA	NA	NA	NA	NA	NA	NA	NA	NA	NA	NA	0.0148001166550293	NA	0.033849706349303	0.00432320526594682	NA	NA	NA	NA	NA	NA	NA	NA	0.0100469928247149	NA	NA	NA	NA	NA	NA
2	antigen binding	3	NA	0.00521265273085222	NA	NA	NA	NA	NA	0.0136777626483369	NA	NA	NA	NA	NA	NA	NA	NA	NA	NA	0.00250894751260663	NA	NA	NA	NA	NA	NA	NA	NA	NA	NA	NA	NA	NA	NA
2	sodium-independent organic anion transmembrane transporter activity	3	NA	0.0230191521100748	NA	NA	NA	NA	NA	NA	NA	NA	NA	NA	NA	NA	NA	0.00526492756963761	NA	NA	NA	NA	0.0344193450611325	NA	NA	NA	NA	NA	NA	NA	NA	NA	NA	NA	NA
2	lipase inhibitor activity	3	NA	0.0313410482715362	NA	NA	0.00585602163334734	NA	NA	NA	NA	NA	NA	NA	NA	NA	NA	NA	NA	NA	NA	NA	NA	NA	NA	NA	0.0252807073873048	NA	NA	NA	NA	NA	NA	NA	NA
2	actin filament binding	3	NA	0.0352387710480108	NA	NA	NA	NA	NA	NA	NA	6.94066389728349e-06	NA	NA	NA	NA	NA	NA	NA	NA	NA	NA	NA	NA	NA	NA	0.0385071964267563	NA	NA	NA	NA	NA	NA	NA	NA
2	symporter activity	3	NA	NA	0.000115114884549025	NA	NA	NA	NA	NA	NA	NA	NA	NA	NA	NA	NA	3.08915077718067e-10	NA	NA	NA	NA	NA	NA	NA	NA	NA	NA	NA	NA	0.0023400023309812	NA	NA	NA	NA
2	solute:cation symporter activity	3	NA	NA	0.00276687421802119	NA	NA	NA	NA	NA	NA	NA	NA	NA	NA	NA	NA	3.34571307296121e-08	NA	NA	NA	NA	NA	NA	NA	NA	NA	NA	NA	NA	0.00291963331419636	NA	NA	NA	NA
2	oxidoreductase activity, acting on single donors with incorporation of molecular oxygen	3	NA	NA	0.00427229617475691	NA	NA	NA	NA	NA	NA	NA	NA	NA	NA	NA	NA	NA	NA	NA	NA	NA	NA	NA	NA	NA	NA	0.0244475421264831	NA	NA	NA	NA	NA	NA	0.0367003224126429
2	lipopolysaccharide binding	3	NA	NA	NA	0.0133036101545	NA	0.00240998895599966	NA	NA	NA	NA	NA	NA	NA	NA	NA	NA	NA	0.000200136319989335	NA	NA	NA	NA	NA	NA	NA	NA	NA	NA	NA	NA	NA	NA	NA
2	fatty acid ligase activity	3	NA	NA	NA	NA	0.000899956697927858	NA	NA	NA	NA	NA	NA	NA	NA	NA	NA	0.0246290627371282	NA	NA	NA	NA	NA	NA	NA	NA	NA	NA	NA	NA	NA	NA	NA	NA	0.0404701096127099
2	CoA-ligase activity	3	NA	NA	NA	NA	0.00295425174652843	NA	NA	NA	NA	NA	NA	NA	NA	NA	NA	0.0166153795592542	NA	NA	NA	NA	NA	NA	NA	NA	NA	NA	NA	NA	NA	NA	NA	NA	0.0310727747411984
2	structural constituent of ribosome	3	NA	NA	NA	NA	0.00339979502045498	NA	NA	NA	NA	NA	NA	NA	NA	NA	NA	1.41498826604717e-09	NA	NA	NA	NA	NA	NA	NA	NA	NA	NA	NA	NA	NA	NA	NA	0.0471368607571542	NA
2	oxidoreductase activity, acting on paired donors, with incorporation or reduction of molecular oxygen	3	NA	NA	NA	NA	0.00450887480684177	NA	NA	NA	NA	NA	NA	NA	NA	NA	NA	0.000683899633399222	NA	NA	NA	0.032475959855029	NA	NA	NA	NA	NA	NA	NA	NA	NA	NA	NA	NA	NA
2	drug transmembrane transporter activity	3	NA	NA	NA	NA	0.00720607294855437	NA	NA	NA	NA	NA	NA	NA	NA	NA	NA	0.00278387225036386	NA	NA	NA	NA	NA	NA	NA	NA	0.0197425338270389	NA	NA	NA	NA	NA	NA	NA	NA
2	oxidoreductase activity, acting on paired donors, with incorporation or reduction of molecular oxygen, NAD(P)H as one donor, and incorporation of one atom of oxygen	3	NA	NA	NA	NA	0.0138012390317437	NA	NA	NA	0.0180089812535255	NA	NA	NA	NA	NA	NA	0.00227322310741271	NA	NA	NA	NA	NA	NA	NA	NA	NA	NA	NA	NA	NA	NA	NA	NA	NA
2	organic acid:sodium symporter activity	3	NA	NA	NA	NA	0.024941071271074	NA	NA	NA	NA	NA	NA	NA	NA	NA	NA	2.21411029464227e-05	NA	NA	NA	NA	NA	NA	NA	NA	NA	NA	NA	0.0113405893031562	NA	NA	NA	NA	NA
2	protein heterodimerization activity	3	NA	NA	NA	NA	0.0259321648195748	NA	NA	NA	NA	NA	NA	NA	NA	NA	NA	NA	NA	NA	NA	0.00095461434446648	NA	NA	NA	NA	NA	NA	NA	0.0125048525116683	NA	NA	NA	NA	NA
2	cell adhesion molecule binding	3	NA	NA	NA	NA	NA	0.00377962710865262	NA	0.0375622056722834	NA	NA	NA	NA	NA	NA	NA	NA	NA	NA	NA	NA	NA	NA	NA	0.00678812195425947	NA	NA	NA	NA	NA	NA	NA	NA	NA
2	adenylate cyclase binding	3	NA	NA	NA	NA	NA	0.0110919546864139	NA	NA	NA	0.038781595400886	NA	NA	NA	NA	NA	NA	NA	NA	NA	NA	NA	NA	NA	NA	NA	NA	0.0257801793538401	NA	NA	NA	NA	NA	NA
2	C-C chemokine binding	3	NA	NA	NA	NA	NA	0.0227477334487204	NA	0.000575227462345366	NA	NA	NA	NA	NA	NA	NA	NA	NA	0.0274160014000068	NA	NA	NA	NA	NA	NA	NA	NA	NA	NA	NA	NA	NA	NA	NA
2	guanylate cyclase activity	3	NA	NA	NA	NA	NA	0.0326387879147043	NA	0.00947812876087748	NA	NA	NA	NA	NA	NA	NA	NA	NA	NA	NA	NA	NA	NA	NA	NA	NA	NA	0.0160604070057694	NA	NA	NA	NA	NA	NA
2	icosanoid receptor activity	3	NA	NA	NA	NA	NA	NA	NA	0.000558967311021813	NA	NA	NA	NA	NA	NA	NA	NA	NA	0.00613706947027464	NA	NA	NA	NA	NA	NA	NA	NA	0.024678746360252	NA	NA	NA	NA	NA	NA
2	G-protein coupled nucleotide receptor activity	3	NA	NA	NA	NA	NA	NA	NA	0.00656881676484275	NA	NA	NA	NA	NA	NA	NA	NA	NA	NA	NA	NA	0.0161040274978406	NA	NA	NA	NA	NA	0.0395244234327085	NA	NA	NA	NA	NA	NA
2	G-protein coupled purinergic nucleotide receptor activity	3	NA	NA	NA	NA	NA	NA	NA	0.00656881676484275	NA	NA	NA	NA	NA	NA	NA	NA	NA	NA	NA	NA	0.0161040274978406	NA	NA	NA	NA	NA	0.0395244234327085	NA	NA	NA	NA	NA	NA
2	prostanoid receptor activity	3	NA	NA	NA	NA	NA	NA	NA	0.00810755163564107	NA	NA	NA	NA	NA	0.016754145990217	NA	NA	NA	0.0350252545107432	NA	NA	NA	NA	NA	NA	NA	NA	NA	NA	NA	NA	NA	NA	NA
2	Ras guanyl-nucleotide exchange factor activity	3	NA	NA	NA	NA	NA	NA	NA	NA	NA	0.0160103994535971	NA	NA	NA	0.0387581334341887	NA	NA	NA	NA	NA	NA	NA	NA	NA	NA	NA	NA	NA	NA	NA	NA	NA	NA	0.0404701096127099
2	peptidase activity, acting on L-amino acid peptides	3	NA	NA	NA	NA	NA	NA	NA	NA	NA	NA	NA	NA	NA	0.00352843874542151	NA	NA	NA	NA	NA	NA	NA	NA	NA	NA	0.0355216371727611	0.0214896957778952	NA	NA	NA	NA	NA	NA	NA
2	GABA-A receptor activity	3	NA	NA	NA	NA	NA	NA	NA	NA	NA	NA	NA	NA	NA	NA	7.14971809963133e-05	NA	NA	NA	NA	NA	NA	NA	NA	NA	NA	NA	NA	0.0146514479806922	0.00125216521644369	NA	NA	NA	NA
2	potassium ion leak channel activity	3	NA	NA	NA	NA	NA	NA	NA	NA	NA	NA	NA	NA	NA	NA	0.000732026578659782	NA	NA	NA	NA	NA	NA	0.0272396827115753	NA	NA	NA	NA	NA	NA	0.00306375252473331	NA	NA	NA	NA
2	chloride transmembrane transporter activity	3	NA	NA	NA	NA	NA	NA	NA	NA	NA	NA	NA	NA	NA	NA	0.0192224445811926	NA	NA	NA	NA	NA	0.00251209433936685	NA	NA	NA	NA	NA	NA	NA	0.00283235249209167	NA	NA	NA	NA
2	anion channel activity	3	NA	NA	NA	NA	NA	NA	NA	NA	NA	NA	NA	NA	NA	NA	0.0394338148557855	NA	NA	NA	NA	NA	0.00124949125975771	NA	NA	NA	NA	NA	NA	NA	0.00568274747097695	NA	NA	NA	NA
2	metallocarboxypeptidase activity	3	NA	NA	NA	NA	NA	NA	NA	NA	NA	NA	NA	NA	NA	NA	NA	NA	NA	0.0135730396240789	NA	0.0065570939117617	NA	NA	NA	0.0101248361546271	NA	NA	NA	NA	NA	NA	NA	NA	NA
2	adrenergic receptor activity	3	NA	NA	NA	NA	NA	NA	NA	NA	NA	NA	NA	NA	NA	NA	NA	NA	NA	0.0274160014000068	NA	NA	NA	0.0417401374825358	0.0470893732370944	NA	NA	NA	NA	NA	NA	NA	NA	NA	NA
2	receptor inhibitor activity	3	NA	NA	NA	NA	NA	NA	NA	NA	NA	NA	NA	NA	NA	NA	NA	NA	NA	0.0361305477801216	NA	NA	NA	NA	NA	0.0204533138602854	NA	NA	0.027916156031715	NA	NA	NA	NA	NA	NA
2	potassium ion binding	3	NA	NA	NA	NA	NA	NA	NA	NA	NA	NA	NA	NA	NA	NA	NA	NA	NA	NA	NA	NA	NA	0.00759148997491076	NA	0.0112241436121281	NA	0.0413546045039077	NA	NA	NA	NA	NA	NA	NA
2	alkali metal ion binding	3	NA	NA	NA	NA	NA	NA	NA	NA	NA	NA	NA	NA	NA	NA	NA	NA	NA	NA	NA	NA	NA	0.0227826838048149	NA	0.0121847949932586	NA	0.0244730795593463	NA	NA	NA	NA	NA	NA	NA
2	phosphatidylserine binding	3	NA	NA	NA	NA	NA	NA	NA	NA	NA	NA	NA	NA	NA	NA	NA	NA	NA	NA	NA	NA	NA	NA	NA	NA	0.0150104489327381	NA	0.00580096187825118	0.0280570946130078	NA	NA	NA	NA	NA
2	calcium-release channel activity	2	NA	0.0282723026867666	NA	NA	NA	NA	NA	NA	NA	NA	NA	NA	NA	NA	NA	NA	NA	NA	NA	NA	NA	NA	NA	NA	0.0319294007133034	NA	NA	NA	NA	NA	NA	NA	NA
2	bicarbonate transmembrane transporter activity	2	NA	NA	0.00337606605620913	NA	NA	NA	NA	NA	NA	NA	NA	NA	NA	NA	NA	NA	NA	NA	NA	NA	0.00524054277497479	NA	NA	NA	NA	NA	NA	NA	NA	NA	NA	NA	NA
2	oxidoreductase activity, acting on single donors with incorporation of molecular oxygen, incorporation of two atoms of oxygen	2	NA	NA	0.0116630562380431	NA	NA	NA	NA	NA	NA	NA	NA	NA	NA	NA	NA	NA	NA	NA	NA	NA	NA	NA	NA	NA	NA	NA	NA	NA	NA	NA	NA	NA	0.0367003224126429
2	inorganic anion exchanger activity	2	NA	NA	0.0142991155246934	NA	NA	NA	NA	NA	NA	NA	NA	NA	NA	NA	NA	0.016317096520379	NA	NA	NA	NA	NA	NA	NA	NA	NA	NA	NA	NA	NA	NA	NA	NA	NA
2	pattern binding	2	NA	NA	0.0248874664019215	NA	NA	0.0362528735587353	NA	NA	NA	NA	NA	NA	NA	NA	NA	NA	NA	NA	NA	NA	NA	NA	NA	NA	NA	NA	NA	NA	NA	NA	NA	NA	NA
2	polysaccharide binding	2	NA	NA	0.0248874664019215	NA	NA	0.0362528735587353	NA	NA	NA	NA	NA	NA	NA	NA	NA	NA	NA	NA	NA	NA	NA	NA	NA	NA	NA	NA	NA	NA	NA	NA	NA	NA	NA
2	steroid hormone receptor activity	2	NA	NA	NA	0.0028057138452829	NA	NA	NA	NA	NA	0.014486469339565	NA	NA	NA	NA	NA	NA	NA	NA	NA	NA	NA	NA	NA	NA	NA	NA	NA	NA	NA	NA	NA	NA	NA
2	copper ion binding	2	NA	NA	NA	0.00924581198565667	NA	NA	NA	0.00463323969523272	NA	NA	NA	NA	NA	NA	NA	NA	NA	NA	NA	NA	NA	NA	NA	NA	NA	NA	NA	NA	NA	NA	NA	NA	NA
2	transmembrane-ephrin receptor activity	2	NA	NA	NA	0.0329057435217304	NA	NA	NA	NA	NA	NA	NA	NA	NA	NA	NA	NA	NA	NA	NA	NA	NA	NA	NA	NA	NA	0.0175459168951208	NA	NA	NA	NA	NA	NA	NA
2	motor activity	2	NA	NA	NA	0.0408118272801764	NA	NA	NA	NA	NA	NA	NA	NA	NA	NA	NA	NA	0.00115867176076422	NA	NA	NA	NA	NA	NA	NA	NA	NA	NA	NA	NA	NA	NA	NA	NA
2	ATP-dependent microtubule motor activity	2	NA	NA	NA	0.0408118272801764	NA	NA	NA	NA	NA	NA	NA	NA	NA	NA	NA	NA	NA	NA	NA	NA	NA	NA	NA	NA	NA	NA	NA	NA	NA	NA	0.0104447564477679	NA	NA
2	lipid transporter activity	2	NA	NA	NA	NA	6.35529318284122e-05	NA	NA	NA	NA	NA	NA	NA	NA	NA	NA	0.00411225812747482	NA	NA	NA	NA	NA	NA	NA	NA	NA	NA	NA	NA	NA	NA	NA	NA	NA
2	arachidonic acid monooxygenase activity	2	NA	NA	NA	NA	0.00139023043921871	NA	NA	NA	NA	NA	NA	NA	NA	NA	NA	3.17929707874319e-05	NA	NA	NA	NA	NA	NA	NA	NA	NA	NA	NA	NA	NA	NA	NA	NA	NA
2	arachidonic acid epoxygenase activity	2	NA	NA	NA	NA	0.00139023043921871	NA	NA	NA	NA	NA	NA	NA	NA	NA	NA	3.17929707874319e-05	NA	NA	NA	NA	NA	NA	NA	NA	NA	NA	NA	NA	NA	NA	NA	NA	NA
2	oxidoreductase activity, acting on CH or CH2 groups	2	NA	NA	NA	NA	0.00219566924571548	NA	NA	NA	NA	NA	NA	NA	NA	NA	NA	0.00976245738751728	NA	NA	NA	NA	NA	NA	NA	NA	NA	NA	NA	NA	NA	NA	NA	NA	NA
2	amino acid binding	2	NA	NA	NA	NA	0.00512563894851971	NA	NA	NA	NA	NA	0.0420643345359409	NA	NA	NA	NA	NA	NA	NA	NA	NA	NA	NA	NA	NA	NA	NA	NA	NA	NA	NA	NA	NA	NA
2	cofactor binding	2	NA	NA	NA	NA	0.00512563894851971	NA	NA	NA	NA	NA	NA	NA	NA	NA	NA	0.026186081449105	NA	NA	NA	NA	NA	NA	NA	NA	NA	NA	NA	NA	NA	NA	NA	NA	NA
2	acid-thiol ligase activity	2	NA	NA	NA	NA	0.00587805969578447	NA	NA	NA	NA	NA	NA	NA	NA	NA	NA	NA	NA	NA	NA	NA	NA	NA	NA	NA	NA	NA	NA	NA	NA	NA	NA	NA	0.0404701096127099
2	cholesterol binding	2	NA	NA	NA	NA	0.0138012390317437	NA	NA	NA	NA	NA	NA	NA	NA	NA	NA	NA	NA	NA	NA	NA	NA	NA	NA	NA	NA	NA	NA	0.00823159369537091	NA	NA	NA	NA	NA
2	glucuronosyltransferase activity	2	NA	NA	NA	NA	0.0138012390317437	NA	NA	NA	NA	NA	NA	NA	NA	NA	NA	0.00976245738751728	NA	NA	NA	NA	NA	NA	NA	NA	NA	NA	NA	NA	NA	NA	NA	NA	NA
2	sterol binding	2	NA	NA	NA	NA	0.0228442679939045	NA	NA	NA	NA	NA	NA	NA	NA	NA	NA	NA	NA	NA	NA	NA	NA	NA	NA	NA	NA	NA	NA	0.0146622211804386	NA	NA	NA	NA	NA
2	retinol dehydrogenase activity	2	NA	NA	NA	NA	0.0331355387345904	NA	NA	NA	NA	NA	NA	NA	NA	NA	NA	NA	NA	NA	NA	NA	NA	NA	NA	NA	NA	0.0324587487071212	NA	NA	NA	NA	NA	NA	NA
2	lipopeptide binding	2	NA	NA	NA	NA	NA	0.000409713145376285	NA	0.0266407623280663	NA	NA	NA	NA	NA	NA	NA	NA	NA	NA	NA	NA	NA	NA	NA	NA	NA	NA	NA	NA	NA	NA	NA	NA	NA
2	filamin binding	2	NA	NA	NA	NA	NA	0.0110919546864139	NA	NA	NA	NA	NA	NA	NA	0.0244521940111667	NA	NA	NA	NA	NA	NA	NA	NA	NA	NA	NA	NA	NA	NA	NA	NA	NA	NA	NA
2	oligosaccharide binding	2	NA	NA	NA	NA	NA	0.0161611934574007	NA	NA	NA	NA	NA	NA	NA	NA	NA	NA	NA	NA	NA	NA	NA	NA	NA	NA	NA	NA	0.0395244234327085	NA	NA	NA	NA	NA	NA
2	virus receptor activity	2	NA	NA	NA	NA	NA	0.020839346858569	NA	NA	NA	NA	NA	NA	NA	NA	NA	NA	NA	NA	NA	NA	NA	NA	NA	0.0101744745696849	NA	NA	NA	NA	NA	NA	NA	NA	NA
2	hijacked molecular function	2	NA	NA	NA	NA	NA	0.020839346858569	NA	NA	NA	NA	NA	NA	NA	NA	NA	NA	NA	NA	NA	NA	NA	NA	NA	0.0101744745696849	NA	NA	NA	NA	NA	NA	NA	NA	NA
2	potassium channel regulator activity	2	NA	NA	NA	NA	NA	0.029946297335579	NA	NA	NA	NA	NA	NA	NA	NA	NA	NA	NA	NA	NA	NA	NA	NA	NA	NA	NA	NA	0.0216252298754258	NA	NA	NA	NA	NA	NA
2	peptide binding	2	NA	NA	NA	NA	NA	0.0362528735587353	NA	NA	NA	NA	NA	NA	NA	NA	NA	NA	NA	NA	NA	NA	NA	0.0340315545049706	NA	NA	NA	NA	NA	NA	NA	NA	NA	NA	NA
2	prostaglandin receptor activity	2	NA	NA	NA	NA	NA	NA	NA	0.00463323969523272	NA	NA	NA	NA	NA	NA	NA	NA	NA	0.0274160014000068	NA	NA	NA	NA	NA	NA	NA	NA	NA	NA	NA	NA	NA	NA	NA
2	phospholipase C activity	2	NA	NA	NA	NA	NA	NA	NA	0.0115134316003361	NA	0.0294929210610162	NA	NA	NA	NA	NA	NA	NA	NA	NA	NA	NA	NA	NA	NA	NA	NA	NA	NA	NA	NA	NA	NA	NA
2	adenylate cyclase activity	2	NA	NA	NA	NA	NA	NA	NA	0.0138237731650062	NA	NA	NA	NA	NA	NA	NA	NA	NA	NA	NA	NA	NA	NA	NA	NA	NA	NA	0.024678746360252	NA	NA	NA	NA	NA	NA
2	MHC protein binding	2	NA	NA	NA	NA	NA	NA	NA	0.0143689815235258	NA	NA	NA	NA	NA	NA	NA	NA	NA	NA	0.0221048172564143	NA	NA	NA	NA	NA	NA	NA	NA	NA	NA	NA	NA	NA	NA
2	phosphatidylinositol phospholipase C activity	2	NA	NA	NA	NA	NA	NA	NA	0.0166835594470192	NA	0.038781595400886	NA	NA	NA	NA	NA	NA	NA	NA	NA	NA	NA	NA	NA	NA	NA	NA	NA	NA	NA	NA	NA	NA	NA
2	oxidoreductase activity, acting on the CH-NH2 group of donors	2	NA	NA	NA	NA	NA	NA	NA	0.018413888066364	NA	NA	NA	NA	NA	NA	NA	NA	NA	0.0177378457519093	NA	NA	NA	NA	NA	NA	NA	NA	NA	NA	NA	NA	NA	NA	NA
2	protease binding	2	NA	NA	NA	NA	NA	NA	NA	0.0266407623280663	NA	NA	NA	NA	NA	NA	NA	NA	NA	0.0151236417759966	NA	NA	NA	NA	NA	NA	NA	NA	NA	NA	NA	NA	NA	NA	NA
2	sodium:potassium-exchanging ATPase activity	2	NA	NA	NA	NA	NA	NA	NA	0.0397468609751072	NA	NA	NA	NA	NA	NA	NA	NA	NA	NA	NA	0.0065570939117617	NA	NA	NA	NA	NA	NA	NA	NA	NA	NA	NA	NA	NA
2	potassium-transporting ATPase activity	2	NA	NA	NA	NA	NA	NA	NA	0.0397468609751072	NA	NA	NA	NA	NA	NA	NA	NA	NA	NA	NA	0.0065570939117617	NA	NA	NA	NA	NA	NA	NA	NA	NA	NA	NA	NA	NA
2	oxygen carrier activity	2	NA	NA	NA	NA	NA	NA	NA	NA	0.0335339048632139	NA	NA	NA	NA	NA	NA	NA	NA	0.00894792130769193	NA	NA	NA	NA	NA	NA	NA	NA	NA	NA	NA	NA	NA	NA	NA
2	titin binding	2	NA	NA	NA	NA	NA	NA	NA	NA	NA	0.00294645422827368	NA	NA	NA	NA	NA	NA	NA	NA	NA	NA	NA	NA	0.012926396700759	NA	NA	NA	NA	NA	NA	NA	NA	NA	NA
2	high voltage-gated calcium channel activity	2	NA	NA	NA	NA	NA	NA	NA	NA	NA	0.00560073191817906	NA	NA	NA	NA	NA	NA	NA	NA	NA	NA	NA	NA	NA	NA	NA	NA	NA	0.0246698989452315	NA	NA	NA	NA	NA
2	ankyrin binding	2	NA	NA	NA	NA	NA	NA	NA	NA	NA	0.0119306499239063	NA	NA	NA	NA	NA	NA	NA	NA	NA	NA	NA	NA	NA	NA	NA	NA	NA	0.0316608586560638	NA	NA	NA	NA	NA
2	water transmembrane transporter activity	2	NA	NA	NA	NA	NA	NA	NA	NA	NA	0.0173743895549051	NA	NA	NA	NA	NA	0.0329809061707309	NA	NA	NA	NA	NA	NA	NA	NA	NA	NA	NA	NA	NA	NA	NA	NA	NA
2	apolipoprotein binding	2	NA	NA	NA	NA	NA	NA	NA	NA	NA	0.0215894064047742	NA	NA	NA	NA	NA	NA	NA	NA	NA	NA	NA	NA	NA	NA	NA	NA	0.00411813242951891	NA	NA	NA	NA	NA	NA
2	acetylcholine receptor activity	2	NA	NA	NA	NA	NA	NA	NA	NA	NA	0.0309265845852035	NA	NA	NA	NA	NA	NA	NA	NA	NA	0.00869449467342795	NA	NA	NA	NA	NA	NA	NA	NA	NA	NA	NA	NA	NA
2	phosphotransferase activity, nitrogenous group as acceptor	2	NA	NA	NA	NA	NA	NA	NA	NA	NA	NA	NA	0.00470852920051701	NA	NA	NA	0.0329809061707309	NA	NA	NA	NA	NA	NA	NA	NA	NA	NA	NA	NA	NA	NA	NA	NA	NA
2	laminin binding	2	NA	NA	NA	NA	NA	NA	NA	NA	NA	NA	NA	NA	NA	0.0117598210157866	NA	NA	NA	NA	NA	NA	NA	0.0268184050795085	NA	NA	NA	NA	NA	NA	NA	NA	NA	NA	NA
2	phospholipid binding	2	NA	NA	NA	NA	NA	NA	NA	NA	NA	NA	NA	NA	NA	0.0270801080067622	0.000621154472067931	NA	NA	NA	NA	NA	NA	NA	NA	NA	NA	NA	NA	NA	NA	NA	NA	NA	NA
2	transferase activity, transferring sulfur-containing groups	2	NA	NA	NA	NA	NA	NA	NA	NA	NA	NA	NA	NA	NA	0.032365908843252	NA	NA	NA	NA	NA	NA	NA	NA	NA	0.0060503115254858	NA	NA	NA	NA	NA	NA	NA	NA	NA
2	ligand-gated anion channel activity	2	NA	NA	NA	NA	NA	NA	NA	NA	NA	NA	NA	NA	NA	NA	3.14810137648043e-05	NA	NA	NA	NA	NA	NA	NA	NA	NA	NA	NA	NA	NA	0.00306375252473331	NA	NA	NA	NA
2	inhibitory extracellular ligand-gated ion channel activity	2	NA	NA	NA	NA	NA	NA	NA	NA	NA	NA	NA	NA	NA	NA	3.577087151816e-05	NA	NA	NA	NA	NA	NA	NA	NA	NA	NA	NA	NA	0.0246698989452315	NA	NA	NA	NA	NA
2	leak channel activity	2	NA	NA	NA	NA	NA	NA	NA	NA	NA	NA	NA	NA	NA	NA	0.00200121366158507	NA	NA	NA	NA	NA	NA	NA	NA	NA	NA	NA	NA	NA	0.00605763416763538	NA	NA	NA	NA
2	narrow pore channel activity	2	NA	NA	NA	NA	NA	NA	NA	NA	NA	NA	NA	NA	NA	NA	0.00200121366158507	NA	NA	NA	NA	NA	NA	NA	NA	NA	NA	NA	NA	NA	0.00605763416763538	NA	NA	NA	NA
2	ATP-dependent microtubule motor activity, minus-end-directed	2	NA	NA	NA	NA	NA	NA	NA	NA	NA	NA	NA	NA	NA	NA	0.0196991578983098	NA	NA	NA	NA	NA	NA	NA	NA	NA	NA	NA	NA	NA	NA	NA	0.0017785543433973	NA	NA
2	inward rectifier potassium channel activity	2	NA	NA	NA	NA	NA	NA	NA	NA	NA	NA	NA	NA	NA	NA	0.0349791113379271	0.0352338441488277	NA	NA	NA	NA	NA	NA	NA	NA	NA	NA	NA	NA	NA	NA	NA	NA	NA
2	fatty acid binding	2	NA	NA	NA	NA	NA	NA	NA	NA	NA	NA	NA	NA	NA	NA	NA	0.000309491099831252	NA	NA	NA	NA	NA	NA	NA	NA	NA	NA	NA	0.0190945912451436	NA	NA	NA	NA	NA
2	ATPase-coupled anion transmembrane transporter activity	2	NA	NA	NA	NA	NA	NA	NA	NA	NA	NA	NA	NA	NA	NA	NA	0.0329809061707309	NA	NA	NA	NA	NA	NA	NA	NA	NA	NA	NA	NA	0.0259073851991899	NA	NA	NA	NA
2	voltage-gated potassium channel activity involved in cardiac muscle cell action potential repolarization	2	NA	NA	NA	NA	NA	NA	NA	NA	NA	NA	NA	NA	NA	NA	NA	NA	0.0167317999622683	NA	NA	NA	NA	NA	NA	NA	NA	NA	0.0160604070057694	NA	NA	NA	NA	NA	NA
2	receptor antagonist activity	2	NA	NA	NA	NA	NA	NA	NA	NA	NA	NA	NA	NA	NA	NA	NA	NA	NA	0.00828433074830774	NA	NA	NA	NA	NA	NA	NA	NA	NA	NA	NA	NA	NA	NA	0.0398145614336545
2	neurotrophin binding	2	NA	NA	NA	NA	NA	NA	NA	NA	NA	NA	NA	NA	NA	NA	NA	NA	NA	NA	0.00932610066241428	NA	NA	NA	NA	NA	0.0372976362752097	NA	NA	NA	NA	NA	NA	NA	NA
2	proximal promoter sequence-specific DNA binding	2	NA	NA	NA	NA	NA	NA	NA	NA	NA	NA	NA	NA	NA	NA	NA	NA	NA	NA	0.041449367553498	0.00485184966921279	NA	NA	NA	NA	NA	NA	NA	NA	NA	NA	NA	NA	NA
2	calcium:cation antiporter activity	2	NA	NA	NA	NA	NA	NA	NA	NA	NA	NA	NA	NA	NA	NA	NA	NA	NA	NA	NA	NA	NA	NA	NA	0.00512719820698251	NA	NA	0.0160604070057694	NA	NA	NA	NA	NA	NA
2	sodium ion binding	2	NA	NA	NA	NA	NA	NA	NA	NA	NA	NA	NA	NA	NA	NA	NA	NA	NA	NA	NA	NA	NA	NA	NA	0.00781252105263171	NA	0.0324587487071212	NA	NA	NA	NA	NA	NA	NA
2	fibroblast growth factor binding	2	NA	NA	NA	NA	NA	NA	NA	NA	NA	NA	NA	NA	NA	NA	NA	NA	NA	NA	NA	NA	NA	NA	NA	0.0330807341010456	NA	0.041657988126562	NA	NA	NA	NA	NA	NA	NA
2	calcium-dependent protein binding	2	NA	NA	NA	NA	NA	NA	NA	NA	NA	NA	NA	NA	NA	NA	NA	NA	NA	NA	NA	NA	NA	NA	NA	NA	0.0104728310275332	NA	NA	NA	0.00567166118652746	NA	NA	NA	NA
